run:fill,placeholder,time,nls,ncms,delivered(/fb),recorded(/fb)
355374:7960,-999,1657455733,26,26,0.000170122,0.00010778
355381:7960,-999,1657469465,358,358,0.0025876329999999998,0.00213646
355418:7963,-999,1657537552,41,41,0.000238113,0.000230946
355419:7963,-999,1657538648,98,98,0.000488437,0.00047608199999999996
355429:7965,-999,1657550583,48,48,0.00036958,0.00033549800000000005
355435:7966,-999,1657560068,43,43,0.000340653,0.00023171299999999998
355442:7966,-999,1657563251,22,22,0.00018268400000000001,0.000133208
355443:7966,-999,1657563907,240,240,0.002011364,0.001924874
355444:7966,-999,1657569554,153,153,0.0012786689999999999,0.001227124
355445:7966,-999,1657573253,242,242,0.001560671,0.001511505
355454:7967,-999,1657589874,81,81,0.000531034,0.000514129
355455:7967,-999,1657592045,40,39,0.000258149,0.00024665799999999997
355456:7967,-999,1657593264,501,501,0.003096779,0.003064077
355558:7969,-999,1657673781,288,288,0.012239865,0.011556875
355559:7969,-999,1657680634,162,162,0.007077068000000001,0.006743939
355679:7978,-999,1657817925,59,59,0.001150256,0.001108648
355680:7978,-999,1657819465,1651,1651,0.049825203,0.047915005
355768:8007,-999,1658114937,45,45,0.001335987,0.001205867
355769:8007,-999,1658116119,541,541,0.01679855,0.015885153
355862:8016,-999,1658254323,13,13,0.000792458,0.000626193
355863:8016,-999,1658254783,14,14,0.00084024,0.0007376080000000001
355870:8017,-999,1658271763,37,37,0.001810529,0.00156406
355871:8017,-999,1658272674,5,5,0.000167393,0.000148624
355872:8017,-999,1658273085,1197,1197,0.07786217599999999,0.069670631
355892:8018,-999,1658312702,184,184,0.011272114,0.010783757
355912:8019,-999,1658326733,158,158,0.010012808,0.009000125999999999
355913:8019,-999,1658330529,106,106,0.006321538000000001,0.0058418509999999995
355921:8020,-999,1658343002,405,405,0.02459313,0.022803612999999997
355933:8022,-999,1658369165,374,374,0.0007168669999999999,0.000709735
355942:8023,-999,1658386005,187,187,0.001449026,0.001366196
355988:8027,-999,1658444612,44,44,0.0034349259999999996,0.00278214
355989:8027,-999,1658445827,24,24,0.002277844,0.001268138
355998:8027,-999,1658453751,35,35,0.0030758290000000004,0.002649537
355999:8027,-999,1658454677,9,9,0.000774761,0.000646332
356004:8027,-999,1658462654,19,19,0.001415494,0.0013582129999999998
356005:8027,-999,1658463286,187,187,0.01263153,0.012166486
356043:8030,-999,1658512807,65,65,0.006828246,0.005587474
356071:8033,-999,1658580195,155,155,0.017433972,0.015297015
356074:8033,-999,1658589664,26,26,0.0031766190000000003,0.0030043759999999996
356075:8033,-999,1658591825,125,125,0.015143257,0.013918014
356076:8033,-999,1658595417,153,152,0.018780299,0.017147608
356077:8033,-999,1658599112,472,472,0.051936094,0.049782857
356135:8043,-999,1658747219,26,26,0.0028849459999999998,0.002624848
356309:8057,-999,1658944562,124,124,0.011790413000000001,0.010947992
356316:8058,-999,1658958002,141,141,0.009481466,0.009289955
356322:8059,-999,1658972106,19,19,0.002279702,0.002064846
356323:8059,-999,1658972701,649,649,0.075836397,0.072084169
356371:8062,-999,1659026794,16,16,0.001844581,0.00155284
356375:8063,-999,1659035081,68,68,0.008817905,0.006539211
356378:8063,-999,1659039025,295,295,0.043237585,0.041584402
356381:8063,-999,1659046247,1193,1193,0.13336263,0.131360427
356383:8063,-999,1659074681,33,33,0.0029082690000000002,0.002867925
356385:8063,-999,1659075985,30,30,0.002650308,0.002467943
356386:8063,-999,1659076862,122,122,0.008822513,0.008702745999999999
356426:8067,-999,1659102608,22,22,0.00311511,0.002569638
356428:8067,-999,1659103892,300,300,0.047755357000000005,0.045819524
356433:8067,-999,1659115228,310,310,0.049664722,0.047815435999999996
356434:8067,-999,1659122574,13,13,0.001950284,0.001716761
356435:8067,-999,1659123061,4,4,0.000596088,0.000438619
356446:8068,-999,1659132330,614,614,0.09588599699999999,0.092805783
356523:8076,-999,1659293502,866,866,0.16403721599999999,0.160945096
356531:8076,-999,1659319815,56,56,0.00911929,0.008972441999999999
356563:8078,-999,1659365358,294,294,0.052941361,0.051876777
356568:8079,-999,1659379966,23,23,0.003715001,0.003199444
356569:8079,-999,1659380700,251,250,0.04707472099999999,0.045312650999999995
356570:8079,-999,1659386840,98,98,0.019518265,0.019096323000000002
356576:8081,-999,1659417068,183,183,0.027173702,0.026012516
356578:8081,-999,1659422369,865,865,0.157385368,0.154532409
356580:8081,-999,1659442884,51,50,0.008036195,0.00773718
356582:8081,-999,1659446757,98,98,0.014402745,0.014267
356614:8083,-999,1659464775,50,50,0.009273549,0.007887264
356615:8083,-999,1659466393,1297,1297,0.23560758199999998,0.23100901199999999
356619:8083,-999,1659497462,173,173,0.024261009,0.023994572999999998
356810:8094,-999,1659666011,120,120,0.026112336,0.025467672
356811:8094,-999,1659669186,44,44,0.01337137,0.012876829
356812:8094,-999,1659670555,107,107,0.031002957,0.030017322000000003
356813:8094,-999,1659673366,54,54,0.015021088,0.014540906999999999
356814:8094,-999,1659674932,669,669,0.159161515,0.1561109
356815:8094,-999,1659690781,98,98,0.019544335,0.019132266999999998
356824:8094,-999,1659695944,66,66,0.010418842,0.009480248
356908:8098,-999,1659749407,26,26,0.0076451259999999995,0.007133667
356919:8099,-999,1659758205,88,88,0.021980427,0.021177152
356937:8100,-999,1659794536,119,119,0.029646087,0.028320199
356946:8102,-999,1659815564,129,129,0.038655171,0.034494079
356947:8102,-999,1659818772,350,350,0.094802329,0.090602295
356948:8102,-999,1659827038,88,88,0.021559734,0.019945891
356949:8102,-999,1659829225,94,94,0.022015867,0.021383047999999998
356951:8102,-999,1659832165,274,274,0.059984737999999996,0.058733073
356954:8102,-999,1659839339,364,364,0.070229234,0.06796438099999999
356955:8102,-999,1659847918,380,380,0.064559043,0.06331152
356956:8102,-999,1659856844,109,109,0.015088549,0.014964203
356968:8103,-999,1659870007,172,172,0.049077897,0.04717028400000001
356969:8103,-999,1659874476,236,236,0.06970992,0.066250781
356970:8103,-999,1659880122,366,366,0.09739212,0.09490761699999999
356998:8106,-999,1659940579,5,5,0.0016599529999999998,0.00156521
356999:8106,-999,1659941047,58,58,0.018708652,0.016770473
357000:8106,-999,1659942488,50,50,0.011995071999999999,0.01091803
357001:8106,-999,1659943771,183,183,0.052590117,0.050873485999999996
357079:8112,-999,1660020128,22,22,0.00844978,0.007410199
357080:8112,-999,1660020778,616,616,0.198352306,0.19145663100000002
357081:8112,-999,1660036366,759,759,0.180206745,0.176532357
357101:8113,-999,1660068667,50,50,0.018001012,0.017151832
357102:8113,-999,1660070935,105,105,0.03630512,0.034697244
357104:8113,-999,1660075175,4,4,0.001309937,0.001251199
357106:8113,-999,1660076765,60,60,0.018804852,0.017022677
357112:8113,-999,1660079103,519,519,0.140533868,0.134186514
357268:8115,-999,1660160040,74,74,0.023294494,0.021037666
357271:8115,-999,1660162257,1569,1569,0.44767165700000006,0.41689527200000004
357328:8118,-999,1660247157,62,62,0.018695364,0.016387207
357329:8118,-999,1660248801,668,668,0.23190713899999998,0.21712701199999998
357330:8118,-999,1660264467,157,157,0.046312697,0.042451168
357331:8118,-999,1660268309,23,23,0.006488921,0.0055615280000000005
357332:8118,-999,1660269029,430,430,0.110321877,0.09790088699999999
357333:8118,-999,1660279278,207,207,0.04483885,0.043020697000000004
357401:8120,-999,1660330645,617,617,0.17196689399999998,0.167341761
357406:8121,-999,1660358840,125,125,0.03521641,0.033323347999999996
357438:8124,-999,1660401445,196,196,0.066695699,0.061744525
357440:8124,-999,1660406686,354,354,0.12063959099999999,0.113610385
357441:8124,-999,1660415123,83,83,0.025409237999999997,0.024716946
357442:8124,-999,1660417381,1373,1373,0.317889025,0.309566832
357447:8125,-999,1660459520,11,11,0.0027625220000000003,0.0024054479999999997
357472:8128,-999,1660502520,27,27,0.007465596999999999,0.007182111999999999
357478:8128,-999,1660535382,8,8,0.002264846,0.001606763
357479:8128,-999,1660535683,1046,1046,0.344955292,0.327925714
357482:8128,-999,1660560508,205,205,0.051282742,0.04982723
357538:8132,-999,1660595839,25,25,0.006593376999999999,0.0054194130000000005
357542:8132,-999,1660597024,251,251,0.092027205,0.08335596299999999
357550:8132,-999,1660603077,36,36,0.012845617,0.011725287
357610:8136,-999,1660714463,191,191,0.04794989400000001,0.045113719000000004
357611:8136,-999,1660719012,412,412,0.115566777,0.110069209
357612:8136,-999,1660728776,736,736,0.161774205,0.155255835
357613:8136,-999,1660746146,256,256,0.046660007,0.04551637
357688:8142,-999,1660871939,380,380,0.139184359,0.128937081
357696:8143,-999,1660892002,359,359,0.132038773,0.122713109
357697:8143,-999,1660901082,39,39,0.013919097,0.012615432
357698:8143,-999,1660902980,63,63,0.021529082999999997,0.018517336000000002
357699:8143,-999,1660904601,30,30,0.00993139,0.009171002
357700:8143,-999,1660905411,757,757,0.214038428,0.208161605
357701:8143,-999,1660923251,310,310,0.070298098,0.068960112
357705:8143,-999,1660934926,202,202,0.039914498,0.038450727999999997
357706:8143,-999,1660939880,161,161,0.027413111,0.026815885
357720:8144,-999,1660951339,61,61,0.019033629,0.017747368
357732:8146,-999,1660989716,128,128,0.046757506,0.040799469
357734:8146,-999,1660993484,300,300,0.117044546,0.10846516
357735:8146,-999,1661000557,1123,1123,0.329174419,0.31774506
357754:8147,-999,1661035955,117,117,0.037817466,0.033259887
357756:8147,-999,1661039078,425,425,0.157734241,0.147894404
357757:8147,-999,1661049073,9,9,0.003019494,0.002110935
357758:8147,-999,1661049440,85,85,0.027797757000000003,0.025170243999999998
357759:8147,-999,1661051563,70,70,0.021983775,0.020434598999999998
357766:8148,-999,1661066866,115,115,0.041358883,0.036685634
357777:8148,-999,1661090736,85,85,0.023829366,0.023178791
357778:8148,-999,1661092998,359,358,0.09133359,0.08692452099999999
357779:8148,-999,1661101547,74,74,0.017302299,0.016779504
357781:8148,-999,1661103876,10,10,0.002241842,0.00207863
357802:8149,-999,1661115577,164,164,0.057467776,0.052879659
357803:8149,-999,1661119502,153,153,0.055703877,0.052558136
357804:8149,-999,1661123212,23,23,0.008399466999999999,0.007676499
357805:8149,-999,1661123858,88,88,0.031252656000000004,0.029522769
357806:8149,-999,1661126024,56,56,0.016791996,0.01557006
357807:8149,-999,1661127646,244,244,0.081491187,0.077760803
357808:8149,-999,1661133474,17,17,0.005287529,0.004306084
357809:8149,-999,1661133998,41,41,0.012705892,0.012018093
357812:8149,-999,1661135017,50,50,0.015217815,0.014521098
357813:8149,-999,1661136253,293,293,0.083181674,0.079167041
357814:8149,-999,1661143153,212,212,0.054551168,0.050887257000000005
357815:8149,-999,1661148262,944,944,0.19916284199999998,0.193992442
357898:8151,-999,1661221593,313,313,0.112365966,0.105071805
357899:8151,-999,1661228952,637,637,0.19538486,0.186117035
357900:8151,-999,1661243900,516,516,0.123511442,0.117924054
359569:8210,-999,1664462417,83,83,0.001334994,0.001313404
359571:8210,-999,1664465359,153,153,0.002405806,0.002348456
359575:8210,-999,1664469685,83,83,0.001285422,0.001265174
359595:8211,-999,1664499230,273,273,0.006373335,0.0062477109999999995
359597:8211,-999,1664505913,94,94,0.0021592079999999997,0.002132121
359602:8212,-999,1664515464,74,74,0.005897419,0.005432578
359609:8212,-999,1664524832,25,25,0.002045945,0.001672407
359612:8212,-999,1664526717,12,12,0.000947835,0.00075944
359661:8214,-999,1664549693,81,81,0.009547367,0.009069425
359685:8216,-999,1664575559,132,132,0.021002926,0.020796878
359686:8216,-999,1664579505,934,934,0.11449079300000001,0.113620681
359691:8220,-999,1664621210,121,121,0.03827386,0.036556873
359693:8220,-999,1664626329,604,604,0.16813933600000003,0.162173072
359694:8220,-999,1664640817,1080,1080,0.220390093,0.215346917
359699:8221,-999,1664678390,1856,1856,0.42158325,0.408576166
359718:8222,-999,1664743952,366,366,0.125625023,0.12062495699999999
359750:8223,-999,1664797116,135,135,0.049693605,0.047973844
359751:8223,-999,1664802020,993,993,0.317204217,0.303855748
359762:8225,-999,1664838914,223,223,0.083234417,0.07960411099999999
359763:8225,-999,1664844498,458,458,0.156282389,0.15033860300000002
359764:8225,-999,1664856326,1084,1084,0.263611535,0.254408218
359776:8226,-999,1664890549,329,329,0.00021109200000000002,0.000210229
359806:8228,-999,1664923348,369,369,0.149807461,0.143007536
359808:8228,-999,1664932448,46,46,0.017719073000000002,0.016455101
359809:8228,-999,1664933578,43,43,0.016190235,0.015207283
359810:8228,-999,1664934668,183,183,0.065291613,0.061839285
359812:8228,-999,1664939340,227,227,0.073786929,0.070240582
359814:8228,-999,1664945350,366,366,0.104234975,0.10048477199999999
359870:8230,-999,1664996797,6,6,0.0024142639999999997,0.002218061
359871:8230,-999,1664997235,228,228,0.103901065,0.097958073
359887:8232,-999,1665032900,473,473,0.00031367,0.000312442
359899:8233,-999,1665051921,287,287,0.008334341,0.007732093000000001
359903:8233,-999,1665059283,12,12,0.000315918,0.000301668
359998:8236,-999,1665159488,1892,1892,0.597604966,0.5758176779999999
360017:8238,-999,1665228108,40,40,0.012133141,0.011509433000000001
360019:8238,-999,1665230017,1488,1488,0.48218503700000004,0.465555919
360075:8245,-999,1665348093,758,758,0.30871621,0.29541369300000003
360090:8245,-999,1665375643,794,794,0.20569288300000002,0.19908240600000002
360116:8247,-999,1665410978,356,356,0.144223275,0.137741416
360125:8247,-999,1665423817,188,188,0.071486492,0.067838041
360126:8247,-999,1665428475,369,369,0.12474064900000001,0.11931957300000001
360127:8247,-999,1665437215,201,201,0.05994161,0.057739014000000005
360128:8247,-999,1665441982,163,163,0.04538364,0.043967728
360130:8247,-999,1665449469,5,5,0.00127916,0.0008614810000000001
360131:8247,-999,1665449773,378,378,0.089937746,0.08737071699999999
360141:8248,-999,1665466296,751,751,0.303972432,0.289861706
360224:8253,-999,1665536933,217,217,0.08371196,0.07749395099999999
360225:8253,-999,1665542537,355,355,0.14768943199999998,0.137616835
360295:8260,-999,1665629103,1439,1439,0.540039634,0.516225455
360296:8260,-999,1665662856,519,519,0.136027219,0.131649125
360327:8263,-999,1665707183,352,352,0.138034398,0.131807126
360390:8267,-999,1665779379,71,71,0.027213612999999998,0.026124683
360391:8267,-999,1665781297,4,4,0.0017161420000000001,0.001518744
360392:8267,-999,1665781816,61,61,0.025356813,0.023957242000000004
360393:8267,-999,1665783389,124,124,0.052177632,0.048985637
360400:8269,-999,1665802059,80,80,0.024828347999999997,0.023714826
360413:8272,-999,1665826238,90,90,0.037295905,0.035547348
360428:8273,-999,1665838982,74,74,0.029381282,0.027455929
360432:8273,-999,1665842012,28,28,0.011865408999999999,0.011139027
360435:8273,-999,1665843334,48,48,0.019968838,0.018669
360437:8273,-999,1665845140,40,40,0.016873563,0.016219057
360438:8273,-999,1665846314,6,6,0.002509526,0.0023505410000000003
360458:8274,-999,1665865476,184,184,0.068130152,0.06428067700000001
360459:8274,-999,1665870423,1332,1332,0.474696725,0.45518258799999994
360460:8274,-999,1665901738,1077,1077,0.239835274,0.232248838
360486:8276,-999,1665939699,278,278,0.11404411099999999,0.107828935
360490:8276,-999,1665950330,1177,1177,0.381801625,0.36498692200000005
360491:8276,-999,1665978238,176,176,0.041058394,0.03967483
360737:8289,-999,1666175746,18,18,0.0008641030000000001,0.0008482569999999999
360761:8293,-999,1666191778,157,157,0.009215753,0.009040481
360794:8295,-999,1666223852,677,677,0.278749914,0.26580724699999997
360795:8295,-999,1666239912,395,395,0.148347163,0.142314079
360797:8295,-999,1666262681,5,5,0.001364346,0.001331782
360820:8297,-999,1666273739,885,885,0.36354003100000004,0.345197319
360825:8297,-999,1666297080,358,358,0.118869492,0.11319838800000001
360826:8297,-999,1666305605,118,118,0.035489776,0.033545051
360856:8299,-999,1666350775,56,56,0.003141094,0.003046684
360874:8301,-999,1666371240,52,52,0.003118038,0.0030157390000000004
360876:8301,-999,1666373544,341,341,0.02150426,0.020961668
360887:8302,-999,1666391853,123,123,0.046018635999999995,0.042669329000000006
360888:8302,-999,1666394919,289,289,0.12750824300000002,0.121034559
360889:8302,-999,1666402011,36,36,0.015806569,0.008549121
360890:8302,-999,1666403005,504,504,0.196489579,0.188094872
360892:8302,-999,1666415571,296,296,0.095857833,0.092324484
360895:8302,-999,1666424059,700,700,0.180557544,0.175331545
360919:8304,-999,1666454531,798,798,0.33799863,0.320455648
360920:8304,-999,1666473198,4,4,0.0015978029999999999,0.0013613310000000001
360921:8304,-999,1666473455,218,218,0.082272681,0.078626577
360927:8305,-999,1666487231,1892,1892,0.685332796,0.653570576
360941:8306,-999,1666539628,72,72,0.026202597,0.024774096000000002
360942:8306,-999,1666541648,344,344,0.148741878,0.140452648
360945:8306,-999,1666550757,91,91,0.039214998,0.037027297
360946:8306,-999,1666553266,364,364,0.147489584,0.14050921800000002
360948:8306,-999,1666562536,119,119,0.042838873,0.041029674
360950:8306,-999,1666565624,716,716,0.217123984,0.20855105300000001
360951:8306,-999,1666582623,190,190,0.045961028,0.044294340999999994
360991:8307,-999,1666607160,230,230,0.027536143,0.026559006
360992:8307,-999,1666612696,99,99,0.010985449,0.010715993
361020:8309,-999,1666631124,399,399,0.026874136,0.025566229
361044:8311,-999,1666656239,125,125,0.048625967,0.045717848
361045:8311,-999,1666659310,945,945,0.393792986,0.37420271299999996
361050:8311,-999,1666682694,10,10,0.003490903,0.0031350279999999998
361052:8311,-999,1666683276,65,65,0.021734932999999998,0.020606209
361054:8311,-999,1666685203,461,461,0.136341685,0.130587943
361083:8312,-999,1666707892,54,54,0.007544232,0.00708849
361091:8313,-999,1666716042,381,381,0.05089923,0.049382579
361105:8314,-999,1666740951,408,408,0.147798787,0.14027103800000001
361106:8314,-999,1666750870,31,31,0.011296438,0.010513598999999998
361107:8314,-999,1666751730,156,156,0.057795901,0.054759989
361108:8314,-999,1666755490,7,7,0.002652651,0.002061992
361110:8314,-999,1666755822,197,197,0.068884368,0.06490689599999999
361188:8315,-999,1666809107,141,141,0.060622643,0.054129124
361193:8315,-999,1666812463,29,29,0.012391055,0.010965603
361195:8315,-999,1666813293,20,20,0.008696332,0.00786945
361197:8315,-999,1666814315,2147,2147,0.7334790090000001,0.67759967
361223:8316,-999,1666876912,695,695,0.294711132,0.270603821
361239:8317,-999,1666902603,1056,1056,0.442140785,0.420581331
361240:8317,-999,1666927371,1015,1015,0.300482566,0.289529036
361272:8319,-999,1666961975,125,125,0.052070028,0.049691618
361280:8319,-999,1666965419,267,267,0.115310632,0.109395166
361283:8319,-999,1666971967,26,26,0.011233001999999999,0.010569163000000001
361284:8319,-999,1666972879,36,36,0.01534211,0.014654333
361297:8320,-999,1666987765,933,933,0.39624597899999997,0.37603013700000004
361303:8321,-999,1667023421,2240,2240,0.8014344259999999,0.763467956
361318:8322,-999,1667085857,457,457,0.195973233,0.18672022600000002
361319:8322,-999,1667096633,162,162,0.070810027,0.068127835
361320:8322,-999,1667101366,382,382,0.153933603,0.147433843
361333:8324,-999,1667124383,302,302,0.125371336,0.11955387599999999
361361:8327,-999,1667183735,46,46,0.018411752,0.014922628
361362:8327,-999,1667184988,31,31,0.00774977,0.00633099
361363:8327,-999,1667185821,27,27,0.01108629,0.00793313
361365:8327,-999,1667190489,489,489,0.21291765199999999,0.191586282
361366:8327,-999,1667202031,201,201,0.077946933,0.073492105
361400:8330,-999,1667236830,456,456,0.192093753,0.182377034
361417:8331,-999,1667276684,1622,1622,0.6361570870000001,0.608633064
361443:8333,-999,1667326292,2274,2274,0.803395127,0.771169125
361468:8334,-999,1667388909,1881,1881,0.735200712,0.696631569
361475:8335,-999,1667441872,1231,1231,0.503624974,0.480825669
361512:8342,-999,1667508156,1537,1537,0.600887504,0.5758403910000001
361569:8345,-999,1667599079,564,564,0.237080691,0.226224268
361573:8345,-999,1667612913,305,305,0.127506069,0.121532869
361579:8347,-999,1667637082,863,863,0.36101003,0.342180649
361580:8347,-999,1667657580,422,422,0.146208966,0.140259309
361957:8385,-999,1668238493,1163,1163,0.333436503,0.323771436
361971:8387,-999,1668275497,2343,2343,0.8380501509999999,0.8037794620000001
361989:8389,-999,1668349001,114,114,0.04382034,0.041308701
361990:8389,-999,1668351788,204,204,0.088003175,0.08415725199999999
361994:8389,-999,1668357563,116,116,0.050341982,0.047399399
362058:8395,-999,1668441657,171,171,0.067178222,0.061779812999999996
362059:8395,-999,1668445779,63,63,0.027062699,0.025326723
362060:8395,-999,1668447557,84,84,0.036658439,0.035048336
362061:8395,-999,1668449774,314,314,0.135800194,0.12773337
362062:8395,-999,1668457250,207,207,0.08854593699999999,0.08345095799999999
362063:8395,-999,1668462385,86,86,0.034246017999999996,0.032763131
362064:8395,-999,1668467716,973,973,0.288038377,0.27799908100000004
362087:8398,-999,1668514052,145,145,0.063964823,0.060412714000000006
362091:8398,-999,1668517653,1418,1418,0.520131211,0.49620991799999997
362104:8399,-999,1668561470,115,115,0.043028024000000005,0.041085542
362105:8399,-999,1668564438,179,179,0.07677399,0.073123214
362106:8399,-999,1668568870,78,78,0.033380821,0.032288451
362107:8399,-999,1668570897,785,785,0.32959203,0.313860982
362148:8401,-999,1668604734,720,720,0.303143003,0.288720985
362153:8401,-999,1668621940,140,140,0.06088853,0.056974819
362154:8401,-999,1668625472,784,784,0.276255421,0.264980179
362159:8402,-999,1668651746,7,7,0.0019151489999999999,0.0016628320000000002
362161:8402,-999,1668652611,120,120,0.051050559,0.048928735
362163:8402,-999,1668655663,65,65,0.027997266,0.026361137000000003
362166:8402,-999,1668657309,331,331,0.142959132,0.137306173
362167:8402,-999,1668665313,646,646,0.266380908,0.255683413
362437:8456,-999,1669031592,31,31,0.011505452,0.009766
362439:8456,-999,1669036121,1374,1374,0.528865965,0.506073917
362597:8471,-999,1669238190,139,139,0.05978404,0.057671469
362614:8474,-999,1669272041,153,153,0.069212131,0.06425507
362615:8474,-999,1669275804,149,149,0.071404259,0.066283169
362616:8474,-999,1669279549,351,351,0.169615135,0.158203139
362617:8474,-999,1669288036,244,244,0.113832507,0.10772152900000001
362618:8474,-999,1669293886,274,274,0.10828789400000001,0.10002997599999999
362653:8484,-999,1669362792,266,266,0.107975154,0.10203385599999999
362654:8484,-999,1669369199,26,26,0.011470235,0.010606216000000002
362655:8484,-999,1669370415,333,333,0.147807042,0.14046092
362657:8484,-999,1669379555,198,198,0.08368922,0.080388442
362695:8489,-999,1669423294,334,334,0.136457491,0.128510059
362696:8489,-999,1669431131,1711,1711,0.6094275889999999,0.585028574
362698:8489,-999,1669471814,374,374,0.083703241,0.08085740200000001
362720:8491,-999,1669503542,898,898,0.37262784299999996,0.355541625
362727:8491,-999,1669526171,4,4,0.00160338,0.001411172
362728:8491,-999,1669526494,388,388,0.15060701699999998,0.143542102
362757:8496,-999,1669587286,62,62,0.021364208,0.019510115
362758:8496,-999,1669588987,205,205,0.087135713,0.082564202
362760:8496,-999,1669594565,728,728,0.29560473800000003,0.28229408100000003
