#run:fill,placeholder,time,nls,ncms,delivered(/ub),recorded(/ub)
366727:8675,-999,1682633679,243,243,16406075.933336966,15384789.896102255
366729:8675,-999,1682641706,414,414,28740483.08714099,27017133.245164014
366801:8685,-999,1682768989,429,429,25928824.05491487,24097699.80815189
366802:8685,-999,1682779133,22,22,1200256.102540567,1094793.475721271
366804:8685,-999,1682779931,150,150,7380363.653978412,7135669.319028306
366820:8686,-999,1682792239,372,372,23950767.58212319,21719920.843633104
366821:8686,-999,1682801009,967,967,57286543.93406225,53472109.05064656
366829:8690,-999,1682844983,215,215,12954667.587072732,11738859.817066222
366832:8690,-999,1682850438,258,258,20162717.183218326,18059364.39455515
366833:8690,-999,1682856856,623,623,34570091.92293298,32268772.953171916
366838:8691,-999,1682879111,112,112,6805640.097283998,6087084.3041767115
366840:8691,-999,1682882187,180,180,14126732.177795673,11906859.487299465
366841:8691,-999,1682886641,258,258,18349486.797941186,16430793.57814431
366850:8692,-999,1682902956,141,141,9548930.645937657,8593298.563362524
366933:8701,-999,1683075384,1170,1170,203610461.70554724,190492117.91285592
367062:8723,-999,1683286741,13,13,589468.994910221,498854.519168802
367063:8723,-999,1683287458,15,15,754161.29111058,638262.871816271
367064:8723,-999,1683287934,327,327,24634009.372574255,22695565.41014724
367065:8723,-999,1683299348,262,262,18147768.050754324,16403643.937915973
367070:8724,-999,1683320367,83,83,11471080.171088768,11234915.7979786
367079:8725,-999,1683345111,713,713,128129071.62679924,120162918.47925018
367095:8728,-999,1683372542,564,564,116296329.72282128,109619344.04253463
367100:8729,-999,1683396561,346,346,69363299.56467967,65165683.60329912
367102:8729,-999,1683404928,75,75,16317724.200726733,15104963.804763725
367103:8729,-999,1683406922,64,64,13987490.358171545,12809401.775146753
367104:8729,-999,1683408690,1082,1082,191017247.11835536,183123726.00058004
367111:8730,-999,1683444263,288,288,55661595.13471505,51563915.37847037
367112:8730,-999,1683451176,1438,1438,254760342.25937408,243399965.62881583
367127:8731,-999,1683492153,333,333,99033686.66160278,92207595.84177531
367128:8731,-999,1683500060,7,7,2404123.621903551,2145256.503190815
367129:8731,-999,1683500514,3,3,1012357.7175231591,968801.226098462
367130:8731,-999,1683500747,153,153,43005141.08978393,40689393.627055615
367131:8731,-999,1683504754,149,149,39454687.11950316,37709423.74331273
367133:8731,-999,1683508366,275,275,82633265.1872829,79289972.53161693
367228:8736,-999,1683582395,239,239,57966405.0091597,54502903.50090114
367229:8736,-999,1683588347,34,34,11562575.985384095,10816690.462865613
367230:8736,-999,1683589497,1,1,336375.93384058896,301846.16686707
367231:8736,-999,1683589711,22,22,7482598.55550197,6859231.0084402235
367232:8736,-999,1683590369,996,996,320955246.04158086,307248610.6271537
367234:8736,-999,1683613988,501,501,129402186.12926988,124867409.0044986
367260:8738,-999,1683648408,187,187,52056337.37649118,49446357.93955593
367262:8738,-999,1683653522,262,262,89348338.80858138,83265605.73084246
367263:8738,-999,1683660239,12,12,4036481.44202241,3404597.300908662
367264:8738,-999,1683660674,847,847,228399692.52800068,217752162.62895277
367267:8739,-999,1683689849,278,278,65904506.84575898,61607448.76800146
367269:8739,-999,1683696809,33,33,11202893.01551882,9455872.131471206
367270:8739,-999,1683697736,961,961,286746950.78296906,271863664.57709813
367271:8739,-999,1683720490,135,135,30306084.04196524,29080691.92672031
367312:8741,-999,1683746635,216,216,45084379.25560319,42268064.07319645
367314:8741,-999,1683752100,20,20,6774067.89377462,6200751.581281798
367315:8741,-999,1683753102,893,893,255496553.0405444,244534845.3874562
367334:8746,-999,1683798036,299,299,91332934.36176254,83995721.11422627
367336:8746,-999,1683805258,169,169,65750458.00592874,62578973.9649308
367337:8746,-999,1683809382,1046,1046,295576635.7826081,284539376.8028551
367355:8750,-999,1683855034,4,4,946251.839080452,812672.4267470959
367406:8754,-999,1683902290,429,429,159214114.6181608,149694068.13055724
367413:8754,-999,1683915196,1294,1294,424090478.3959917,400172916.4451362
367415:8754,-999,1683946322,97,97,22366881.277387284,21650458.879163247
367416:8754,-999,1683949255,55,55,12157008.411032293,11605929.651164727
367475:8771,-999,1684060390,579,579,236826454.0137604,216721508.77060565
367477:8771,-999,1684074202,1289,1289,400407319.93043864,384953958.0377089
367515:8773,-999,1684129087,625,625,247583494.44115508,229654992.24672568
367516:8773,-999,1684144124,1236,1236,428066963.2372637,404435587.12310374
367552:8775,-999,1684189296,11,11,1107383.322193402,872434.431184395
367553:8775,-999,1684189658,644,644,270268482.3976226,256214661.4701137
367554:8775,-999,1684204793,312,312,127568297.1287893,120766311.16694464
367615:8782,-999,1684291751,432,432,169094051.01078758,160235919.18507916
367618:8782,-999,1684303869,324,324,138966818.11052752,132073296.28910932
367619:8782,-999,1684311587,577,577,186005032.718013,179350374.21746853
367661:8784,-999,1684362283,317,317,115989118.9618739,108171867.41594708
367662:8784,-999,1684369793,18,18,8051204.514041277,7233731.090471646
367663:8784,-999,1684370327,1,1,443884.282869686,405941.677405965
367665:8784,-999,1684371078,271,271,121055421.25775693,112140629.83920208
367666:8784,-999,1684377594,82,82,36619103.32626362,33486554.111258496
367691:8786,-999,1684413943,159,159,48764882.40524562,43731612.67847751
367696:8786,-999,1684420297,1919,1919,664769256.5342824,631173730.8187963
367699:8786,-999,1684466095,151,151,29747362.786384914,28994224.39776293
367730:8794,-999,1684518018,515,515,204535271.54411787,190826785.07195008
367742:8796,-999,1684552601,405,405,160371531.86835915,153003098.57891917
367758:8804,-999,1684640858,716,716,290072524.5860992,275616771.1656077
367770:8807,-999,1684679980,152,152,47309190.40055165,44138396.79744834
367771:8807,-999,1684683613,91,91,43176241.14080107,40465834.29695672
367772:8807,-999,1684685831,6,6,2783893.093981505,2175325.9661891
367790:8811,-999,1684724172,160,160,53057659.06089924,49440907.84892965
367831:8816,-999,1684778320,452,452,193477979.58027896,183264849.82640144
367836:8817,-999,1684800394,541,541,232868425.17048264,220893889.72552472
367838:8817,-999,1684813232,793,793,338738355.4466698,322408125.0730698
367840:8817,-999,1684831934,570,570,171010026.2750761,164787318.0252188
367881:8821,-999,1684885090,139,139,49790061.04475381,47207783.14302012
367883:8821,-999,1684888840,1050,1050,494422082.45759857,468207976.8942472
367884:8821,-999,1684913517,1011,1011,324963126.9678375,313014021.00015306
367902:8822,-999,1684949555,232,232,91006359.8060072,85709670.02189898
367904:8822,-999,1684955279,103,103,49435114.21210197,44545043.93115367
367905:8822,-999,1684957870,48,48,22926500.231457364,21281962.035265166
367906:8822,-999,1684959319,344,344,164988069.53513053,150785571.18780506
367907:8822,-999,1684967500,119,119,56820619.53013597,50784695.14713471
367908:8822,-999,1684970449,358,358,152612412.12882885,142974156.34566945
367910:8822,-999,1684979056,593,593,196751024.240674,189983790.53419888
368223:8850,-999,1685467738,436,436,49219947.08995906,42785896.235413454
368224:8850,-999,1685478143,57,57,6807788.367770849,6334914.632802011
368229:8853,-999,1685492118,518,518,95353771.88204154,90797958.850367
368318:8858,-999,1685624875,283,283,67243075.82924344,63519966.02997578
368320:8858,-999,1685631571,285,285,81005482.55336367,77736362.60320155
368321:8858,-999,1685638289,337,337,82318926.36180514,78759287.66204526
368332:8860,-999,1685658052,14,14,2427703.257673537,2340771.291317987
368333:8860,-999,1685658504,25,25,4920809.605964278,4088554.7085188
368343:8860,-999,1685667447,328,328,100078619.47949617,95712405.65319084
368382:8863,-999,1685721756,756,756,220554910.87357163,209297224.22929028
368384:8863,-999,1685740541,44,44,11960658.291980388,11288810.775273696
368388:8865,-999,1685751706,1429,1429,376647199.92034703,358782483.71669227
368389:8865,-999,1685785244,198,198,35759134.80489764,34554403.93386504
368400:8866,-999,1685796632,232,232,68601977.77473317,64607480.31612361
368410:8870,-999,1685836130,1453,1453,441515904.34147125,419480494.9095038
368412:8870,-999,1685870710,92,92,18311516.505646843,17600033.661115967
368423:8872,-999,1685888060,474,474,199472444.59638965,190011978.76175103
368451:8873,-999,1685920713,144,144,61389381.2029446,56568321.947996
368453:8873,-999,1685924557,5,5,2005794.5189584682,299523.18365289
368454:8873,-999,1685924804,1165,1165,341243252.65821964,327514562.4505036
368489:8877,-999,1685970366,1025,1025,393500146.5757032,375585942.7104052
368546:8880,-999,1686024166,659,659,295544371.11893165,275630545.32939327
368547:8880,-999,1686039677,700,700,254727678.11498007,234184269.02804095
368548:8880,-999,1686056532,1038,1038,245695061.80989912,236924780.7647476
368566:8882,-999,1686091076,1195,1195,501585312.7409663,473338413.56139165
368567:8882,-999,1686119062,433,433,130458886.13720936,124723739.93318154
368609:8885,-999,1686184128,999,999,420514418.3094358,401245935.2168242
368611:8885,-999,1686208182,381,381,121782774.28023316,117243244.2762251
368613:8885,-999,1686218155,260,260,68970809.02299961,66658254.40523619
368636:8887,-999,1686259905,769,769,323468874.20966154,308785232.6016142
368669:8891,-999,1686316240,369,369,163003696.24641797,154968904.66358235
368670:8891,-999,1686324980,258,258,120075393.84345587,112940910.33380398
368672:8891,-999,1686332415,866,866,300424180.3714881,288094604.4492389
368674:8891,-999,1686356980,12,11,2973213.2919165464,2345962.521693876
368675:8891,-999,1686357370,50,50,12116768.930872684,10873042.899463732
368676:8891,-999,1686358699,156,156,35945188.8207452,34459004.422364034
368678:8891,-999,1686362530,171,171,36521685.93036953,35377719.74282311
368684:8894,-999,1686381187,96,96,26522099.37785639,23691362.574401814
368685:8894,-999,1686383613,1481,1481,574456892.7407789,550526950.7358441
368723:8895,-999,1686442298,93,93,33679510.69239254,32063143.012301426
368724:8895,-999,1686445354,1200,1200,512239389.171862,486960591.7459001
368746:8896,-999,1686482818,39,39,8764889.00417694,8078309.759909552
368749:8896,-999,1686484359,169,169,75582432.22994685,70478192.62421544
368753:8896,-999,1686489011,976,976,420345213.29964495,400240490.0097229
368762:8896,-999,1686523104,194,194,72699553.22326179,67333611.37037969
368764:8896,-999,1686528119,1,1,464520.08457368397,415117.94204011397
368765:8896,-999,1686528466,1386,1386,545509286.3592976,523313028.9512888
368822:8901,-999,1686623301,945,945,404267015.34024346,384550510.39008623
368823:8901,-999,1686645527,33,33,13190313.539924208,11676866.532851346
369927:9016,-999,1688214410,340,340,3232428.065372645,3184844.3773552463
369943:9017,-999,1688239917,384,384,29589301.9178774,28931864.10826073
369956:9019,-999,1688268243,1040,1040,87946143.83317448,85790103.29454763
369978:9022,-999,1688314911,782,782,170577045.3095816,164211090.90636075
369998:9023,-999,1688344261,179,179,59041263.89754115,54522992.30797618
369999:9023,-999,1688348558,41,41,16047742.117476694,14570408.348968195
370093:9029,-999,1688428341,450,450,157630338.35729563,150552240.2739863
370097:9029,-999,1688447668,356,356,134912130.27736443,127556893.84375958
370102:9029,-999,1688456897,762,762,210324068.4539752,202825271.4010612
370129:9031,-999,1688489840,510,510,211939691.76719913,202816517.46370783
370144:9031,-999,1688506565,1328,1328,401029741.34543806,386630238.94356394
370169:9035,-999,1688555080,1330,1330,533154120.11290514,498215892.4361976
370172:9035,-999,1688591248,300,300,79394653.34073557,74826141.13590586
370175:9036,-999,1688607502,1693,1693,696036624.0094618,663161261.1945257
370293:9043,-999,1688728191,1580,1580,675006306.456647,642697141.2870609
370294:9043,-999,1688765202,668,668,180485550.58630407,173942472.66748843
370300:9044,-999,1688789302,962,962,438615874.1938597,417275795.887764
370304:9044,-999,1688813438,327,327,123817867.83037668,117901999.96613345
370307:9044,-999,1688821445,708,708,208195638.53297448,200912183.94106984
370321:9045,-999,1688845268,14,14,1836053.826265815,1663548.9231495708
370332:9045,-999,1688847638,1966,1966,740674918.1126765,704978281.6408507
370340:9046,-999,1688900233,756,756,341715402.6045695,323514077.49328077
370354:9049,-999,1688929727,278,278,114404052.6986684,109900178.89345203
370357:9049,-999,1688941787,801,801,326354460.686362,313287399.5677132
370406:9050,-999,1688992169,825,825,360442611.63026005,342942803.46041495
370436:9050,-999,1689011730,31,31,11012966.34999748,10217367.489367502
370460:9055,-999,1689045619,116,116,33420784.906792544,32118871.495825395
370472:9056,-999,1689060138,42,42,0.0,0.0
370497:9057,-999,1689068314,1429,1429,588924435.0593187,560885947.4461579
370522:9059,-999,1689119753,322,322,135535331.32579175,129169869.65570314
370560:9062,-999,1689165454,348,348,148051646.30597392,141661797.61096072
370579:9063,-999,1689183579,85,85,24890181.274919953,23849608.598137025
370580:9063,-999,1689185836,2875,2875,934856662.2194225,890135296.5429176
370667:9066,-999,1689322237,101,101,39087132.62212607,36475009.93306065
370717:9067,-999,1689383434,119,119,36975627.11252532,35316120.00555242
370725:9068,-999,1689398033,412,412,180174557.8030932,170298685.2342808
370749:9070,-999,1689441673,1490,1490,638522846.1245358,607647391.5475885
370753:9070,-999,1689477523,249,249,75174190.51463878,72500071.95524302
370772:9072,-999,1689494379,1219,1219,552579306.3607211,525131207.60560685
370774:9072,-999,1689523654,159,159,59141815.42228015,54404699.88497026
370775:9072,-999,1689527501,168,168,56861491.11199319,52721777.37799011
370776:9072,-999,1689531572,326,326,96932363.80935642,93235410.80624224
370790:9073,-999,1689547870,23,23,3366438.0254724864,2940475.466688688
