#run:fill,placeholder,time,nls,ncms,delivered(/fb),recorded(/fb)
354774:7893,-999,1656632687,212,212,1.4490999999999999e-05,1.4310999999999999e-05
354777:7894,-999,1656645918,160,160,5.449e-06,5.386000000000001e-06
354780:7895,-999,1656657079,31,0,5e-09,0.0
354784:7895,-999,1656657796,292,281,3.7999999999999996e-08,3.6e-08
354787:7895,-999,1656664588,373,373,3.6e-08,3.6e-08
355058:7916,-999,1656979980,350,350,5.4e-08,5.4e-08
355100:7920,-999,1657032445,283,279,2.6348000000000003e-05,2.5569000000000002e-05
355101:7920,-999,1657039021,33,31,2.615e-06,2.447e-06
355102:7920,-999,1657039784,23,20,1.5780000000000002e-06,1.191e-06
355103:7920,-999,1657040318,49,43,4.653e-06,3.837e-06
355104:7920,-999,1657041442,34,28,3.325e-06,2.5630000000000003e-06
355105:7920,-999,1657042233,35,29,3.395e-06,2.6810000000000003e-06
355106:7920,-999,1657043041,34,27,3.262e-06,2.401e-06
355107:7920,-999,1657043813,36,29,3.4430000000000003e-06,2.705e-06
355108:7920,-999,1657044631,41,34,4.0030000000000005e-06,3.167e-06
355109:7920,-999,1657045575,35,29,3.4810000000000002e-06,2.725e-06
355110:7920,-999,1657046379,34,28,3.366e-06,2.686e-06
355111:7920,-999,1657047167,33,28,3.25e-06,2.616e-06
355112:7920,-999,1657047960,33,27,3.226e-06,2.5230000000000002e-06
355113:7920,-999,1657048725,33,27,3.3089999999999996e-06,2.493e-06
355114:7920,-999,1657049491,7,4,7.09e-07,2e-09
355115:7920,-999,1657049636,6,1,6.079999999999999e-07,2e-09
355116:7920,-999,1657049759,7,5,7.11e-07,2e-09
355117:7920,-999,1657049965,39,34,3.8939999999999995e-06,3.278e-06
355118:7920,-999,1657050900,31,27,3.13e-06,2.571e-06
355119:7920,-999,1657051668,31,27,3.107e-06,2.595e-06
355120:7920,-999,1657052431,33,27,3.278e-06,2.514e-06
355121:7920,-999,1657053196,42,35,4.131e-06,3.343e-06
355122:7920,-999,1657054156,34,28,3.4789999999999996e-06,2.763e-06
355123:7920,-999,1657054941,33,27,3.3539999999999996e-06,2.535e-06
355124:7920,-999,1657055697,34,27,3.4239999999999997e-06,2.6389999999999996e-06
355125:7920,-999,1657056471,5,3,5.02e-07,2e-09
355126:7920,-999,1657056617,6,4,6.01e-07,2e-09
355127:7920,-999,1657056802,47,43,4.669e-06,4.172e-06
355128:7920,-999,1657057940,31,27,3.191e-06,2.6580000000000002e-06
355129:7920,-999,1657058700,31,27,3.186e-06,2.6969999999999998e-06
355130:7920,-999,1657059460,270,270,2.6728000000000002e-05,2.6336e-05
355133:7921,-999,1657074867,278,274,5.5398e-05,5.3704e-05
355134:7921,-999,1657081332,146,144,3.1147e-05,2.9424e-05
355135:7921,-999,1657084737,1081,1081,0.000213382,0.00020626900000000003
355203:7923,-999,1657153281,18,11,1.5089e-05,7.615e-06
355204:7923,-999,1657153679,22,14,1.7958e-05,6.1e-06
355205:7923,-999,1657154188,56,48,4.6219e-05,2.9939000000000003e-05
355206:7923,-999,1657155475,244,237,0.00019277400000000002,0.000148486
355207:7923,-999,1657161156,752,749,0.000546245,0.000535227
355208:7923,-999,1657178671,514,514,0.00039187,0.00038442
355374:7960,-999,1657455314,52,44,0.00034443900000000004,0.00019111
355375:7960,-999,1657456505,23,6,0.000156476,1.8751e-05
355376:7960,-999,1657457025,71,62,0.00047714800000000005,0.000232587
355379:7960,-999,1657458663,170,163,0.00106966,0.000907375
355380:7960,-999,1657462615,294,265,0.00232254,0.001648687
355381:7960,-999,1657469465,361,358,0.002607809,0.00213646
355382:7960,-999,1657477866,108,101,0.000701401,0.000541585
355383:7960,-999,1657480381,274,274,0.001587421,0.0013376979999999998
355404:7963,-999,1657506454,1079,1068,0.007818294,0.007430061
355405:7963,-999,1657531595,23,13,0.000145874,5.6688000000000003e-05
355406:7963,-999,1657532112,29,22,0.000185261,0.000100719
355407:7963,-999,1657532782,46,42,0.000290578,0.000185398
355408:7963,-999,1657533842,41,33,0.000254206,0.00014711
355409:7963,-999,1657534777,9,5,5.4248999999999995e-05,8.31e-07
355410:7963,-999,1657534972,19,12,0.00011557,4.3621e-05
355411:7963,-999,1657535412,25,3,0.000151424,1.133e-06
355414:7963,-999,1657535994,19,12,0.000114092,4.2833e-05
355415:7963,-999,1657536431,23,4,0.000136866,0.0
355417:7963,-999,1657536958,26,12,0.000153234,4.6073000000000004e-05
355418:7963,-999,1657537552,47,41,0.000272582,0.000230946
355419:7963,-999,1657538648,124,109,0.00051737,0.000502934
355429:7965,-999,1657550420,67,67,0.000426491,0.00039074300000000004
355435:7966,-999,1657559952,61,48,0.000485575,0.000264536
355437:7966,-999,1657561366,15,10,0.00012117200000000001,5.527e-05
355438:7966,-999,1657561711,21,17,0.00017518599999999997,9.220100000000001e-05
355439:7966,-999,1657562182,16,11,0.000131541,5.868899999999999e-05
355440:7966,-999,1657562551,11,4,8.999899999999999e-05,7.9e-08
355441:7966,-999,1657562791,20,14,0.00016586400000000002,8.0633e-05
355442:7966,-999,1657563251,29,22,0.000240114,0.000133208
355443:7966,-999,1657563907,243,240,0.002034494,0.001924874
355444:7966,-999,1657569554,159,154,0.0013271239999999998,0.001227795
355445:7966,-999,1657573253,249,249,0.001602549,0.0015503889999999999
355454:7967,-999,1657589618,105,92,0.0006893019999999999,0.000584042
355455:7967,-999,1657592045,53,39,0.000341663,0.00024665799999999997
355456:7967,-999,1657593264,515,502,0.003112503,0.003066297
355457:7967,-999,1657605251,236,229,8.3e-08,7.7e-08
355458:7967,-999,1657610743,5,3,1e-09,0.0
355459:7967,-999,1657610853,9,4,3e-09,0.0
355460:7967,-999,1657611062,12,6,3e-09,0.0
355461:7967,-999,1657611340,17,7,5e-09,0.0
355462:7967,-999,1657611715,19,6,6e-09,0.0
355463:7967,-999,1657612154,88,88,2e-08,1.8999999999999998e-08
355558:7969,-999,1657672686,341,335,0.014531364,0.013477217
355559:7969,-999,1657680634,255,168,0.010077843000000001,0.006771514
355679:7978,-999,1657817808,72,64,0.0014489479999999998,0.001166112
355680:7978,-999,1657819465,1660,1660,0.049971177,0.048049219000000004
355768:8007,-999,1658114005,91,85,0.002844228,0.002451905
355769:8007,-999,1658116119,549,549,0.01679855,0.015885153
355862:8016,-999,1658254090,30,23,0.001829205,0.001201046
355863:8016,-999,1658254783,23,14,0.001377529,0.0007376080000000001
355865:8016,-999,1658255312,321,321,0.016240892,0.015583653999999999
355870:8017,-999,1658271577,47,45,0.0024127610000000002,0.002072402
355871:8017,-999,1658272674,18,14,0.000983187,0.000492324
355872:8017,-999,1658273085,1228,1228,0.07915756,0.070226506
355892:8018,-999,1658312399,199,199,0.011560404,0.011068149
355912:8019,-999,1658326640,167,162,0.010580736,0.00921847
355913:8019,-999,1658330529,106,106,0.006321538000000001,0.0058418509999999995
355921:8020,-999,1658342932,412,409,0.02478802,0.022958599
355933:8022,-999,1658368489,405,405,0.002378274,0.001617021
355942:8023,-999,1658385912,197,197,0.001665204,0.001561944
355988:8027,-999,1658444542,56,51,0.004437196,0.0031899209999999996
355989:8027,-999,1658445827,33,24,0.003185177,0.001268138
355990:8027,-999,1658446595,36,26,0.003731061,0.00167085
355991:8027,-999,1658447431,57,53,0.00482258,0.004181215
355992:8027,-999,1658448759,21,17,0.0021097439999999998,0.001556516
355993:8027,-999,1658449232,86,80,0.008440885,0.006903291999999999
355994:8027,-999,1658451235,31,24,0.0028876490000000004,0.001770171
355995:8027,-999,1658451957,12,4,0.001101226,1.5719e-05
355996:8027,-999,1658452217,27,23,0.002494316,0.001720285
355997:8027,-999,1658452841,39,26,0.0035303220000000002,0.00213235
355998:8027,-999,1658453751,40,35,0.003508548,0.002649537
355999:8027,-999,1658454677,17,9,0.001456298,0.000646332
356001:8027,-999,1658455053,33,23,0.002839045,0.0018179079999999998
356002:8027,-999,1658455802,11,5,0.000917504,0.000353232
356003:8027,-999,1658456057,283,273,0.022220995,0.020930504
356004:8027,-999,1658462654,28,20,0.002085871,0.001389064
356005:8027,-999,1658463286,194,194,0.013030831000000001,0.012538656
356041:8030,-999,1658512349,4,0,0.00041352,0.0
356042:8030,-999,1658512443,16,10,0.001125775,8.4e-07
356043:8030,-999,1658512807,91,65,0.009813182,0.005587474
356046:8030,-999,1658514917,87,79,0.010768558999999999,0.009439613000000001
356047:8030,-999,1658516933,18,10,0.002224967,0.0010435260000000001
356048:8030,-999,1658517347,16,16,0.00047113300000000004,0.00034853699999999995
356071:8033,-999,1658580102,383,366,0.044789728,0.039034084
356073:8033,-999,1658589012,28,20,0.003345072,0.002124399
356074:8033,-999,1658589664,93,81,0.011247964,0.009318586
356075:8033,-999,1658591825,155,146,0.018849279,0.014000683
356076:8033,-999,1658595417,159,152,0.019511393999999998,0.017147608
356077:8033,-999,1658599112,479,479,0.05258455,0.050375076
356135:8043,-999,1658747149,45,45,0.003844852,0.0034000590000000004
356155:8046,-999,1658771051,2,0,0.000240155,0.0
356158:8046,-999,1658771097,46,5,0.0053733719999999995,1.8e-08
356161:8046,-999,1658772162,8,4,0.0009115,9e-09
356162:8046,-999,1658772336,37,17,0.004128982,0.0018366979999999999
356163:8046,-999,1658773186,28,20,0.003187164,0.0020921029999999997
356164:8046,-999,1658773838,79,73,0.012447187,0.011408479
356165:8046,-999,1658775671,85,70,0.013242553999999998,0.010862351999999999
356170:8046,-999,1658777641,26,3,0.0039311170000000005,0.000292016
356174:8046,-999,1658778247,7,3,0.00104668,0.00026876
356175:8046,-999,1658778392,16,1,0.0010123789999999999,1.5262e-05
356177:8046,-999,1658778747,7,7,0.0,0.0
356309:8057,-999,1658944516,131,131,0.012013571,0.011129693000000001
356316:8058,-999,1658957955,187,187,0.011579794,0.011309312
356321:8059,-999,1658969950,93,87,0.010821238,0.009178371999999999
356322:8059,-999,1658972106,26,19,0.0031126179999999997,0.002064846
356323:8059,-999,1658972701,656,656,0.075951049,0.072194113
356371:8062,-999,1659026747,36,36,0.0040064340000000006,0.0029752059999999998
356375:8063,-999,1659035034,161,149,0.02201187,0.016049581
356377:8063,-999,1659038769,4,2,0.00061912,2.4801999999999997e-05
356378:8063,-999,1659038862,317,304,0.046466888,0.042518803
356381:8063,-999,1659046247,1220,1193,0.135765558,0.131360427
356383:8063,-999,1659074681,46,36,0.004030764,0.003032139
356384:8063,-999,1659075740,11,3,0.00096508,1.0255e-05
356385:8063,-999,1659075985,38,31,0.0033054459999999996,0.002492206
356386:8063,-999,1659076862,135,135,0.009333494,0.009179103000000001
356426:8067,-999,1659102584,35,30,0.0050691059999999994,0.0028508759999999996
356427:8067,-999,1659103398,22,14,0.003523848,0.0018247220000000002
356428:8067,-999,1659103892,471,462,0.076363422,0.071867066
356431:8067,-999,1659114857,7,2,0.001188483,6.2547e-05
356432:8067,-999,1659115007,10,2,0.0017062289999999999,4.0234e-05
356433:8067,-999,1659115228,316,310,0.050573035,0.04788233
356434:8067,-999,1659122574,21,13,0.003148755,0.001716761
356435:8067,-999,1659123061,14,8,0.002082477,0.000889646
356436:8067,-999,1659123367,18,18,0.0017433610000000001,0.0017024579999999998
356446:8068,-999,1659132307,620,620,0.096010974,0.092929006
356466:8072,-999,1659174961,258,252,0.038674734,0.035999103
356467:8072,-999,1659180975,274,266,0.04305516,0.035881161
356468:8072,-999,1659187352,7,3,0.001102055,6.9861e-05
356469:8072,-999,1659187506,122,109,0.019046285,0.014092281000000002
356470:8072,-999,1659190343,20,3,0.00316297,6e-08
356471:8072,-999,1659190800,25,7,0.00391591,0.000899673
356472:8072,-999,1659191373,76,68,0.01033207,0.009291874
356473:8072,-999,1659193137,160,143,0.024168372999999996,0.020735375
356474:8072,-999,1659196858,28,21,0.0040956690000000006,0.002788868
356475:8072,-999,1659197495,6,3,0.000879082,6.2010000000000004e-06
356476:8072,-999,1659197620,41,28,0.005916001,0.0036488809999999997
356478:8072,-999,1659198555,679,671,0.08526430900000001,0.082375665
356479:8072,-999,1659214367,9,3,0.000986251,3e-09
356480:8072,-999,1659214556,16,8,0.0017548470000000001,3e-09
356481:8072,-999,1659214927,221,221,0.021613101000000003,0.021373358
356488:8073,-999,1659228454,240,233,0.036162195,0.033582037
356489:8073,-999,1659234033,489,489,0.073697104,0.070671767
356523:8076,-999,1659293455,910,903,0.172022485,0.167261964
356524:8076,-999,1659314646,23,16,0.004165832,0.000106443
356525:8076,-999,1659315179,18,14,0.00323569,0.00016920900000000003
356526:8076,-999,1659315591,27,15,0.004815558,0.00018879700000000002
356527:8076,-999,1659316220,18,11,0.003181267,7.136e-05
356528:8076,-999,1659316640,21,13,0.003679902,0.000145328
356529:8076,-999,1659317129,86,22,0.014699783000000001,0.000143392
356530:8076,-999,1659319113,31,11,0.00518249,0.001468341
356531:8076,-999,1659319815,66,66,0.00911929,0.008972441999999999
356563:8078,-999,1659365311,312,312,0.055965863,0.054812698
356568:8079,-999,1659379920,34,25,0.004760080999999999,0.0033858070000000002
356569:8079,-999,1659380700,264,250,0.049638258,0.045325918
356570:8079,-999,1659386840,109,109,0.019518265,0.019096323000000002
356576:8081,-999,1659417044,191,184,0.028706746,0.026172237
356577:8081,-999,1659421481,39,31,0.007558113000000001,0.0056912790000000005
356578:8081,-999,1659422369,880,865,0.159784211,0.154532409
356580:8081,-999,1659442884,57,50,0.008956674,0.00773718
356581:8081,-999,1659444201,104,93,0.016004981,0.008922086
356582:8081,-999,1659446617,104,104,0.015308583999999998,0.01514347
356613:8083,-999,1659463828,41,36,0.004403621,0.003195641
356614:8083,-999,1659464775,70,62,0.012994684,0.008924376
356615:8083,-999,1659466393,1306,1297,0.236929012,0.23100901199999999
356616:8083,-999,1659496823,12,8,0.0017751770000000002,2e-09
356617:8083,-999,1659497095,8,2,0.001186802,2e-09
356618:8083,-999,1659497267,9,2,0.001309635,2e-09
356619:8083,-999,1659497462,201,201,0.024261009,0.023994572999999998
356709:8087,-999,1659564227,128,128,0.025231001,0.016952745
356719:8088,-999,1659575117,896,891,0.211429512,0.204387399
356720:8088,-999,1659596004,107,99,0.025361619,0.022701304
356721:8088,-999,1659598495,39,33,0.008999533,0.006722006
356722:8088,-999,1659599392,586,586,0.115955147,0.11371872
356788:8091,-999,1659641716,138,130,0.036962276,0.032730342999999995
356789:8091,-999,1659644918,118,118,0.031316399,0.030352564
356810:8094,-999,1659665964,139,133,0.031769877,0.028725604
356811:8094,-999,1659669186,59,52,0.01781131,0.014819203999999999
356812:8094,-999,1659670555,121,115,0.034904249,0.03186503
356813:8094,-999,1659673366,68,62,0.018856243999999998,0.01636299
356814:8094,-999,1659674932,680,672,0.16152639800000002,0.156811891
356815:8094,-999,1659690781,222,219,0.044027558,0.042702715
356824:8094,-999,1659695944,72,66,0.011541526000000002,0.009487013
356825:8094,-999,1659697614,8,8,0.000649235,0.000538965
356902:8098,-999,1659748377,38,30,0.00941928,0.000515856
356906:8098,-999,1659749244,7,3,0.0018776620000000002,0.000440575
356908:8098,-999,1659749407,33,33,0.0076451259999999995,0.007133667
356919:8099,-999,1659758158,101,101,0.022458062999999997,0.021463012000000004
356937:8100,-999,1659794513,125,125,0.029871346,0.028524002000000003
356943:8102,-999,1659806742,206,199,0.062358607,0.056085956
356944:8102,-999,1659811527,38,23,0.012787892,0.005217749
356945:8102,-999,1659812413,136,128,0.04006021,0.036006186
356946:8102,-999,1659815564,138,129,0.041305605,0.034507331
356947:8102,-999,1659818772,355,350,0.096053284,0.090602295
356948:8102,-999,1659827038,94,88,0.023003221,0.019945891
356949:8102,-999,1659829225,116,110,0.027137078999999998,0.024717622
356950:8102,-999,1659831907,12,7,0.002781081,1.911e-06
356951:8102,-999,1659832165,289,284,0.06310225400000001,0.060485106
356952:8102,-999,1659838883,9,4,0.001865756,3e-09
356953:8102,-999,1659839086,11,6,0.0022644920000000003,2e-09
356954:8102,-999,1659839339,368,365,0.070957097,0.06796438099999999
356955:8102,-999,1659847918,383,380,0.06503627299999999,0.06331152
356956:8102,-999,1659856844,119,119,0.016195747,0.015912092
356968:8103,-999,1659869960,194,187,0.05515769,0.05101774
356969:8103,-999,1659874476,243,236,0.071740142,0.066250781
356970:8103,-999,1659880122,381,371,0.09739212,0.09490761699999999
356977:8103,-999,1659888983,29,29,0.0,0.0
356997:8106,-999,1659937505,132,125,0.038671672000000004,0.034049288
356998:8106,-999,1659940579,21,16,0.006900853,0.004579245
356999:8106,-999,1659941047,62,58,0.019973299,0.016770473
357000:8106,-999,1659942488,55,50,0.013485535,0.01091803
357001:8106,-999,1659943771,212,200,0.052590117,0.050873485999999996
357005:8106,-999,1659948693,50,4,0.0,0.0
357059:8108,-999,1659977369,5,5,7.794e-05,7.1406e-05
357070:8111,-999,1660006696,16,16,0.001276595,0.0011057410000000001
357076:8112,-999,1660013698,13,8,0.002590926,0.000916147
357077:8112,-999,1660013984,96,91,0.030928545,0.027325264
357078:8112,-999,1660016209,169,163,0.063495085,0.057639835
357079:8112,-999,1660020128,28,22,0.009801601,0.007410199
357080:8112,-999,1660020778,669,662,0.21306531899999998,0.20377927399999998
357081:8112,-999,1660036366,766,766,0.180206745,0.176532357
357096:8113,-999,1660064065,18,12,0.004702927,0.002141884
357098:8113,-999,1660064485,79,71,0.021577361,0.017622008
357100:8113,-999,1660066327,48,44,0.018033417,0.015107427
357101:8113,-999,1660067432,151,130,0.051479388,0.041431017
357102:8113,-999,1660070935,142,138,0.049270469000000004,0.042869058
357103:8113,-999,1660074240,41,35,0.013565816000000001,0.010650349
357104:8113,-999,1660075175,13,5,0.00424872,0.001398454
357105:8113,-999,1660075464,56,50,0.017937167,0.014879683000000001
357106:8113,-999,1660076765,66,60,0.020659049,0.017022677
357110:8113,-999,1660078298,35,28,0.010720453000000001,0.007578061999999999
357112:8113,-999,1660079103,534,534,0.140533868,0.134186514
357268:8115,-999,1660159993,86,76,0.02769058,0.021418321
357269:8115,-999,1660161976,7,2,0.00268036,9.196700000000001e-05
357270:8115,-999,1660162140,5,2,0.001903208,7.0931e-05
357271:8115,-999,1660162257,1584,1584,0.450165401,0.419328601
357328:8118,-999,1660247110,73,64,0.022483586,0.01674032
357329:8118,-999,1660248801,673,669,0.23343191800000002,0.217219314
357330:8118,-999,1660264467,165,157,0.048587778,0.042451168
357331:8118,-999,1660268309,31,24,0.008722218,0.0055615280000000005
357332:8118,-999,1660269029,440,430,0.11270024699999999,0.09790088699999999
357333:8118,-999,1660279278,217,217,0.046019819000000003,0.043887062000000004
357401:8120,-999,1660330599,626,626,0.172398558,0.16768565
357406:8121,-999,1660358817,154,154,0.035453248,0.033557331
357438:8124,-999,1660401398,227,198,0.0779503,0.061987491
357440:8124,-999,1660406686,362,354,0.12314562800000001,0.113610385
357441:8124,-999,1660415123,97,84,0.029615121,0.024800582999999998
357442:8124,-999,1660417381,1386,1386,0.32014724699999997,0.311593572
357447:8125,-999,1660459497,25,25,0.00301815,0.0026572740000000003
357472:8128,-999,1660502474,32,32,0.007986853,0.007509531
357478:8128,-999,1660535335,15,10,0.004327752,0.001893546
357479:8128,-999,1660535683,1065,1046,0.349945619,0.327925714
357482:8128,-999,1660560508,237,237,0.055145453,0.050109537
357538:8132,-999,1660595792,33,28,0.008684413,0.005891716
357539:8132,-999,1660596545,16,8,0.004224421,0.000361754
357540:8132,-999,1660596899,6,2,0.001709195,7.5285e-05
357542:8132,-999,1660597024,260,252,0.09526815699999999,0.083668372
357550:8132,-999,1660603077,37,37,0.012845617,0.011725287
357610:8136,-999,1660714440,197,192,0.049725782,0.045322512
357611:8136,-999,1660719012,419,412,0.117332694,0.110069209
357612:8136,-999,1660728776,746,736,0.163689014,0.155255835
357613:8136,-999,1660746146,270,265,0.046660007,0.04551637
357687:8142,-999,1660870266,72,24,0.020343708000000002,0.000450922
357688:8142,-999,1660871939,386,386,0.139184286,0.128937007
357696:8143,-999,1660891979,391,382,0.143783529,0.129671585
357697:8143,-999,1660901082,82,78,0.029021718999999998,0.025227048
357698:8143,-999,1660902980,70,63,0.023881613,0.018517336000000002
357699:8143,-999,1660904601,35,30,0.011586862,0.009171002
357700:8143,-999,1660905411,766,758,0.216217085,0.20824530300000002
357701:8143,-999,1660923251,410,344,0.091667223,0.069067064
357704:8143,-999,1660932790,92,86,0.019045041999999998,0.017230109
357705:8143,-999,1660934926,213,203,0.042007154000000005,0.038450727999999997
357706:8143,-999,1660939880,173,173,0.028882206,0.028103632000000003
357720:8144,-999,1660951292,87,87,0.022473124,0.020580988
357732:8146,-999,1660989669,138,130,0.050850804000000006,0.041170674
357733:8146,-999,1660992879,26,15,0.011263714,0.005122735
357734:8146,-999,1660993484,304,300,0.118514693,0.108482922
357735:8146,-999,1661000557,1131,1131,0.329995868,0.31854799
357754:8147,-999,1661035932,123,119,0.040197262000000004,0.033522632000000004
357755:8147,-999,1661038785,13,5,0.00544681,0.0
357756:8147,-999,1661039078,429,425,0.159079955,0.147894404
357757:8147,-999,1661049073,16,9,0.005358914,0.002110935
357758:8147,-999,1661049440,91,85,0.029717536,0.025170243999999998
357759:8147,-999,1661051563,90,70,0.02708785,0.020434598999999998
357760:8147,-999,1661053662,2,2,0.0,0.0
357766:8148,-999,1661066820,146,141,0.054436085999999995,0.045885842
357767:8148,-999,1661070221,44,17,0.018942096000000002,0.005848086
357769:8148,-999,1661071225,38,19,0.015941032,0.0066910419999999995
357770:8148,-999,1661072089,80,32,0.032724996,0.01188851
357771:8148,-999,1661073942,152,129,0.05829204,0.047836131
357776:8148,-999,1661077473,569,562,0.18485436800000002,0.174693367
357777:8148,-999,1661090736,97,86,0.027119092999999997,0.023178791
357778:8148,-999,1661092998,367,358,0.09322021400000001,0.08692452099999999
357779:8148,-999,1661101547,90,81,0.020989432000000002,0.016853642
357780:8148,-999,1661103637,11,2,0.002537095,0.00010392600000000001
357781:8148,-999,1661103876,20,20,0.002241842,0.00207863
357802:8149,-999,1661115531,171,166,0.05983149,0.053266824000000004
357803:8149,-999,1661119502,160,154,0.058265449000000004,0.052605272
357804:8149,-999,1661123212,28,23,0.01020201,0.007676499
357805:8149,-999,1661123858,93,88,0.033068394,0.029522769
357806:8149,-999,1661126024,70,65,0.021748846000000002,0.018219063
357807:8149,-999,1661127646,250,244,0.083382624,0.077760803
357808:8149,-999,1661133474,23,17,0.00716442,0.004306084
357809:8149,-999,1661133998,44,41,0.013630132,0.012018093
357812:8149,-999,1661135017,53,50,0.016122531000000002,0.014521098
357813:8149,-999,1661136253,296,293,0.083976385,0.079167041
357814:8149,-999,1661143153,220,212,0.056512992000000005,0.050887257000000005
357815:8149,-999,1661148262,950,950,0.19916284199999998,0.193992442
357885:8151,-999,1661211635,101,98,0.025435065,0.021822241000000003
357886:8151,-999,1661213985,9,6,0.003204106,0.001329672
357887:8151,-999,1661214178,11,8,0.004086457,0.0021164960000000003
357888:8151,-999,1661214425,9,5,0.0033817290000000004,0.001285947
357889:8151,-999,1661214629,16,10,0.005974143,0.002503145
357890:8151,-999,1661214987,29,23,0.010689698999999999,0.006508898000000001
357891:8151,-999,1661215658,45,41,0.016272055,0.013365641999999999
357892:8151,-999,1661216693,38,30,0.013883738,0.010066573
357893:8151,-999,1661217580,19,15,0.0069135,0.0036187009999999998
357894:8151,-999,1661218004,32,27,0.01169076,0.007364915
357895:8151,-999,1661218747,56,52,0.020954796,0.015579923999999998
357896:8151,-999,1661220040,19,15,0.006973038000000001,0.004427292
357897:8151,-999,1661220472,49,18,0.017467161000000002,0.005524957
357898:8151,-999,1661221593,316,313,0.113413683,0.105085095
357899:8151,-999,1661228952,642,638,0.196740225,0.186117035
357900:8151,-999,1661243900,534,531,0.127216919,0.120697457
359268:8177,-999,1663951448,347,332,4.251e-05,4.012e-05
359270:8177,-999,1663959517,166,166,1.8968e-05,1.8689e-05
359278:8178,-999,1663971693,36,30,7.905e-06,5.89e-06
359279:8178,-999,1663972528,41,35,1.4931e-05,1.229e-05
359280:8178,-999,1663973484,44,41,1.7015999999999998e-05,1.5414000000000002e-05
359281:8178,-999,1663974488,44,37,1.7008e-05,1.4039e-05
359282:8178,-999,1663975512,1985,1977,0.000367652,0.000359558
359283:8178,-999,1664021779,22,13,9.059e-06,4.896e-06
359284:8178,-999,1664022286,13,7,5.356e-06,2.678e-06
359285:8178,-999,1664022587,22,1,9.067e-06,2.79e-07
359286:8178,-999,1664023090,222,215,9.170700000000001e-05,8.6926e-05
359287:8178,-999,1664028262,80,77,2.6731999999999997e-05,2.4955e-05
359288:8178,-999,1664030113,199,186,3.5203e-05,2.925e-05
359289:8178,-999,1664034735,1011,997,0.000328559,0.00031904
359291:8178,-999,1664058289,1240,1227,0.000514309,0.000497862
359293:8178,-999,1664087173,204,201,8.5486e-05,8.2968e-05
359294:8178,-999,1664091915,1202,1188,0.000308617,0.000299617
359296:8178,-999,1664119922,417,410,0.000135179,0.000130534
359297:8178,-999,1664129630,2083,2083,0.000799934,0.000789506
359342:8181,-999,1664207624,13,9,4.922e-06,2.508e-06
359343:8181,-999,1664207912,553,553,0.00021998299999999998,0.00020956599999999998
359356:8184,-999,1664238457,36,36,2.476e-06,2.374e-06
359568:8210,-999,1664461337,47,38,0.0007634639999999999,0.000593441
359569:8210,-999,1664462417,91,83,0.0014627770000000002,0.001313404
359570:8210,-999,1664464529,36,19,0.000573558,0.000284938
359571:8210,-999,1664465359,185,168,0.00290647,0.00246908
359575:8210,-999,1664469685,102,89,0.0015788920000000001,0.0013066689999999999
359576:8210,-999,1664472060,58,47,0.000888859,0.0006789060000000001
359577:8210,-999,1664473393,46,35,0.000699227,0.000524222
359578:8210,-999,1664474450,45,35,0.000678122,0.000514355
359579:8210,-999,1664475497,43,32,0.000956782,0.0006689389999999999
359580:8210,-999,1664476482,43,33,0.001085729,0.000804112
359581:8210,-999,1664477477,43,32,0.001069966,0.000784485
359582:8210,-999,1664478469,50,34,0.001228797,0.000780715
359584:8210,-999,1664479624,44,33,0.001062677,0.000740845
359585:8210,-999,1664480640,231,231,0.0029294309999999997,0.0028628309999999997
359595:8211,-999,1664499183,289,276,0.006570549,0.006253397
359597:8211,-999,1664505913,106,106,0.002292921,0.0022373329999999998
359599:8212,-999,1664515299,8,0,0.000578197,0.0
359602:8212,-999,1664515464,84,74,0.006866486,0.005432578
359603:8212,-999,1664517410,23,11,0.0022558879999999997,0.001044233
359604:8212,-999,1664517926,20,10,0.0019467339999999999,0.000894266
359605:8212,-999,1664518381,22,18,0.0020991779999999997,0.00136238
359606:8212,-999,1664518891,9,3,0.0008615410000000001,0.0
359607:8212,-999,1664519089,50,50,0.004798009000000001,0.0046524470000000005
359608:8212,-999,1664522462,95,95,0.008054289000000001,0.007879709
359609:8212,-999,1664524832,32,25,0.0026144479999999997,0.001672407
359610:8212,-999,1664525576,30,21,0.002414286,0.000221392
359611:8212,-999,1664526254,20,2,0.0015730170000000001,1.8031e-05
359612:8212,-999,1664526717,24,12,0.0018888,0.00075944
359614:8212,-999,1664527256,5,5,0.000390661,0.000390311
359661:8214,-999,1664549646,83,83,0.009771216,0.00925434
359681:8216,-999,1664570834,3,0,0.00035992099999999997,0.0
359682:8216,-999,1664570892,14,2,0.0016678679999999999,2.193e-06
359683:8216,-999,1664571212,21,17,0.002708512,0.000120008
359684:8216,-999,1664571694,166,159,0.028286871,0.026857914
359685:8216,-999,1664575559,170,141,0.026738746,0.020881736
359686:8216,-999,1664579505,942,942,0.11449079300000001,0.113620681
359691:8220,-999,1664621163,222,149,0.069874735,0.036863956
359693:8220,-999,1664626329,622,614,0.172534159,0.162174475
359694:8220,-999,1664640817,1093,1093,0.22140003,0.216175284
359699:8221,-999,1664678343,1969,1969,0.439803279,0.42605529
359717:8222,-999,1664735870,347,341,0.132581506,0.124578243
359718:8222,-999,1664743952,373,373,0.127875926,0.12243733400000001
359750:8223,-999,1664797069,199,193,0.076263351,0.060309912
359751:8223,-999,1664801693,1013,1013,0.322946665,0.309591251
359762:8225,-999,1664838867,242,237,0.09029859800000001,0.08404515900000001
359763:8225,-999,1664844498,481,474,0.163315087,0.154701086
359764:8225,-999,1664855697,1124,1124,0.273165014,0.263387851
359776:8226,-999,1664890502,335,335,0.000214888,0.000212878
359806:8228,-999,1664923301,393,371,0.158971857,0.143369172
359808:8228,-999,1664932448,49,46,0.018857445,0.016455101
359809:8228,-999,1664933578,47,44,0.017687476,0.01532986
359810:8228,-999,1664934668,201,184,0.071341436,0.062054692
359812:8228,-999,1664939340,244,228,0.079046293,0.070242996
359813:8228,-999,1664945020,15,6,0.00459358,2.4399999999999996e-07
359814:8228,-999,1664945350,383,383,0.104234975,0.10048477199999999
359868:8230,-999,1664996032,16,8,0.005611409,0.00069462
359869:8230,-999,1664996388,17,10,0.006424158,3.6299999999999995e-07
359870:8230,-999,1664996774,20,13,0.008311596,0.003016274
359871:8230,-999,1664997235,277,243,0.103901065,0.097958073
359887:8232,-999,1665032853,487,487,0.000318457,0.00031624
359899:8233,-999,1665051874,297,289,0.00855841,0.007739241
359901:8233,-999,1665058782,22,7,0.000587172,2.2999999999999998e-08
359903:8233,-999,1665059283,41,31,0.001073995,0.00041907099999999997
359904:8233,-999,1665060223,24,16,0.000620394,2.1e-08
359905:8233,-999,1665060782,20,6,0.000515155,3.6364e-05
359998:8236,-999,1665159465,1907,1907,0.598645305,0.576657109
360017:8238,-999,1665228061,65,53,0.016445595,0.012992252
360018:8238,-999,1665229566,20,12,0.006026755999999999,0.003201157
360019:8238,-999,1665230017,1513,1513,0.482604449,0.4658636
360075:8245,-999,1665348046,856,794,0.345160535,0.308738805
360088:8245,-999,1665367998,328,314,0.106970076,0.098964661
360090:8245,-999,1665375643,804,804,0.20692043300000001,0.20004400100000003
360116:8247,-999,1665409975,433,407,0.17361346600000002,0.152198865
360121:8247,-999,1665420067,12,4,0.005136813,1.1599999999999999e-07
360122:8247,-999,1665420329,6,3,0.00259633,0.000232325
360123:8247,-999,1665420468,6,2,0.002585428,7.3918e-05
360124:8247,-999,1665420591,8,1,0.003433738,0.000140911
360125:8247,-999,1665420764,331,324,0.13038379,0.121156905
360126:8247,-999,1665428475,375,370,0.126647876,0.119669561
360127:8247,-999,1665437215,205,201,0.06109104,0.057739014000000005
360128:8247,-999,1665441982,180,172,0.04998888,0.044027649
360129:8247,-999,1665446162,56,50,0.014948562,3.5e-07
360130:8247,-999,1665447464,99,91,0.025645541,0.022414012
360131:8247,-999,1665449773,390,390,0.089937746,0.08737071699999999
360141:8248,-999,1665466272,759,759,0.304319847,0.290185225
360224:8253,-999,1665536886,243,227,0.094501081,0.080865189
360225:8253,-999,1665542537,369,369,0.150648857,0.140058708
360295:8260,-999,1665629056,1450,1443,0.5436448070000001,0.517464588
360296:8260,-999,1665662856,533,533,0.137738076,0.133030368
360327:8263,-999,1665707136,357,357,0.138739035,0.132317078
360390:8267,-999,1665779333,85,82,0.033031107999999997,0.029494876
360391:8267,-999,1665781297,23,13,0.009820502,0.001747865
360392:8267,-999,1665781816,68,65,0.028358006,0.024097497000000002
360393:8267,-999,1665783389,157,157,0.052177632,0.048985637
360400:8269,-999,1665802013,87,87,0.025536614,0.024300205
360413:8272,-999,1665826191,110,101,0.040654416,0.036273395
360414:8272,-999,1665828756,6,6,0.0,0.0
360428:8273,-999,1665838935,85,82,0.033825294,0.02813607
360429:8273,-999,1665840904,11,4,0.0044521429999999996,0.0
360430:8273,-999,1665841151,37,20,0.015804064,1.45e-07
360432:8273,-999,1665842012,39,32,0.016472576000000003,0.011368437
360433:8273,-999,1665842917,8,4,0.0033334690000000004,3.3e-08
360434:8273,-999,1665843093,11,4,0.004550515,0.0
360435:8273,-999,1665843334,78,60,0.03246488,0.019788625
360437:8273,-999,1665845140,51,44,0.021488424,0.016295282
360438:8273,-999,1665846314,77,61,0.031782709,0.019292393
360439:8273,-999,1665848091,21,15,0.008651051,0.005588137
360440:8273,-999,1665848566,12,6,0.00517055,0.002098154
360441:8273,-999,1665848829,152,145,0.064182402,0.058497827
360442:8273,-999,1665852367,141,102,0.056461777000000005,0.039600697000000004
360444:8273,-999,1665855640,9,3,0.000434055,1.5e-08
360445:8273,-999,1665855840,12,12,0.0,0.0
360458:8274,-999,1665865430,215,207,0.080851963,0.070338042
360459:8274,-999,1665870423,1344,1339,0.477955079,0.455253096
360460:8274,-999,1665901738,1088,1088,0.24086732,0.233062735
360486:8276,-999,1665939652,451,433,0.185330699,0.160048274
360490:8276,-999,1665950166,1203,1199,0.38958911,0.37097846799999995
360491:8276,-999,1665978191,191,191,0.043226577,0.041331261
360737:8289,-999,1666175699,25,25,0.0009806510000000001,0.0009251369999999999
360761:8293,-999,1666191731,164,164,0.009319078,0.009128266
360794:8295,-999,1666223805,691,684,0.284504098,0.266350235
360795:8295,-999,1666239912,416,412,0.155536697,0.147623043
360796:8295,-999,1666249604,561,556,0.16849362699999998,0.160548789
360797:8295,-999,1666262681,17,17,0.002895755,0.002523479
360819:8297,-999,1666273503,11,3,0.004119985,0.0
360820:8297,-999,1666273739,899,892,0.368796106,0.345405598
360821:8297,-999,1666294693,103,9,0.037502292,8.9e-08
360825:8297,-999,1666297080,366,359,0.12133417099999999,0.11319838800000001
360826:8297,-999,1666305605,132,132,0.035868394,0.033771484
360856:8299,-999,1666350752,62,62,0.003213057,0.003116978
360874:8301,-999,1666371217,61,54,0.003678855,0.003071563
360875:8301,-999,1666372637,39,32,0.0025238929999999997,0.001961081
360876:8301,-999,1666373544,414,347,0.024917702000000003,0.021002543
360887:8302,-999,1666391806,134,125,0.0507457,0.043269222999999996
360888:8302,-999,1666394919,305,297,0.134581457,0.121785638
360889:8302,-999,1666402011,43,36,0.018818778,0.008549121
360890:8302,-999,1666403005,540,519,0.20903876,0.192971598
360892:8302,-999,1666415571,311,307,0.100433429,0.09547929599999999
360893:8302,-999,1666422819,34,16,0.010276747,0.004415126
360894:8302,-999,1666423611,20,13,0.0059735330000000005,0.003467611
360895:8302,-999,1666424059,709,705,0.18213754899999998,0.17601962
360919:8304,-999,1666454485,803,800,0.339959112,0.320972303
360920:8304,-999,1666473198,11,4,0.0043826509999999996,0.0013613310000000001
360921:8304,-999,1666473455,220,220,0.08227268,0.078626577
360927:8305,-999,1666487185,1908,1897,0.688471585,0.65489885
360940:8306,-999,1666539340,13,5,0.002685082,0.000340025
360941:8306,-999,1666539628,87,76,0.0328307,0.024774096000000002
360942:8306,-999,1666541648,391,348,0.168455254,0.140452727
360945:8306,-999,1666550757,108,99,0.04643691900000001,0.038036875
360946:8306,-999,1666553266,398,369,0.160144593,0.140659414
360948:8306,-999,1666562536,133,123,0.047735850999999996,0.041288591
360950:8306,-999,1666565624,730,718,0.22091239399999998,0.209145437
360951:8306,-999,1666582623,195,195,0.046765084000000005,0.044827438
360991:8307,-999,1666606997,245,238,0.029105415,0.027148329
360992:8307,-999,1666612696,107,107,0.011058355,0.010788356
361020:8309,-999,1666631101,409,404,0.027561959,0.025771749
361032:8309,-999,1666640620,11,11,0.000717941,0.0007174530000000001
361044:8311,-999,1666656193,134,127,0.052138544,0.046105727
361045:8311,-999,1666659310,1004,956,0.41486031799999995,0.37517022899999997
361050:8311,-999,1666682694,25,10,0.008681208000000001,0.0031350279999999998
361052:8311,-999,1666683276,74,65,0.024695072999999998,0.020606209
361053:8311,-999,1666684984,10,2,0.0032319429999999997,6.0591e-05
361054:8311,-999,1666685203,500,476,0.146806472,0.130666991
361059:8311,-999,1666696856,122,122,0.031619096,0.030647358
361083:8312,-999,1666707868,62,62,0.007839481,0.007370916999999999
361091:8313,-999,1666715995,405,405,0.054054085,0.052165771
361105:8314,-999,1666740904,428,422,0.155035136,0.144778372
361106:8314,-999,1666750870,37,31,0.013489916000000001,0.010532712
361107:8314,-999,1666751730,162,156,0.060076977999999996,0.054759989
361108:8314,-999,1666755490,15,7,0.0055798209999999996,0.002061992
361110:8314,-999,1666755822,203,203,0.070761002,0.06639174
361188:8315,-999,1666809061,146,143,0.062763,0.054763347999999996
361193:8315,-999,1666812463,36,29,0.015457829,0.010965603
361195:8315,-999,1666813293,29,25,0.012584651,0.008013879
361196:8315,-999,1666813948,16,9,0.00683322,1.3953e-05
361197:8315,-999,1666814315,2216,2177,0.75294319,0.67774388
361198:8315,-999,1666865960,55,55,0.00984585,0.009538958
361223:8316,-999,1666876889,702,702,0.295131217,0.27091872100000003
361239:8317,-999,1666902556,1065,1058,0.445548485,0.42114492200000003
361240:8317,-999,1666927371,1028,1028,0.303347938,0.292035716
361271:8319,-999,1666961621,16,8,0.0037086209999999996,0.000542378
361272:8319,-999,1666961975,148,131,0.06194757,0.050010596
361280:8319,-999,1666965419,281,272,0.121411059,0.109621883
361283:8319,-999,1666971967,40,31,0.01723685,0.010720675
361284:8319,-999,1666972879,43,43,0.015606248,0.014911744
361297:8320,-999,1666987718,953,947,0.397181225,0.37670491
361303:8321,-999,1667023374,2249,2249,0.8036431,0.765083325
361318:8322,-999,1667085811,465,459,0.19942840399999998,0.18718912199999999
361319:8322,-999,1667096633,204,198,0.08953647199999999,0.06856706
361320:8322,-999,1667101366,396,396,0.154263457,0.147756735
361333:8324,-999,1667124336,315,315,0.126187548,0.12031378699999999
361361:8327,-999,1667183712,55,48,0.021950576,0.015316403000000001
361362:8327,-999,1667184988,36,31,0.009723556999999999,0.00633099
361363:8327,-999,1667185821,34,27,0.014101792,0.00793313
361364:8327,-999,1667186601,167,160,0.072129067,0.064180933
361365:8327,-999,1667190489,496,489,0.21591326,0.191586282
361366:8327,-999,1667202031,206,206,0.079873909,0.074990057
361400:8330,-999,1667236783,458,458,0.192668032,0.18279610100000002
361417:8331,-999,1667276637,1644,1644,0.63724624,0.6095467520000001
361443:8333,-999,1667326245,2282,2282,0.8050672879999999,0.7725305259999999
361468:8334,-999,1667388863,1899,1899,0.7361411590000001,0.697386962
361475:8335,-999,1667441825,1241,1241,0.5068004770000001,0.48310389600000003
361512:8342,-999,1667508109,1549,1549,0.6039706260000001,0.578500064
361569:8345,-999,1667599033,596,571,0.250503445,0.22666365100000002
361573:8345,-999,1667612913,319,319,0.127506069,0.121532869
361579:8347,-999,1667637059,881,873,0.368157199,0.342761319
361580:8347,-999,1667657580,427,427,0.147807801,0.141479781
361881:8379,-999,1668038753,20,9,2.767e-06,1.114e-06
361882:8379,-999,1668039197,24,11,3.324e-06,1.314e-06
361883:8379,-999,1668039750,103,100,1.4248e-05,1.363e-05
361884:8379,-999,1668042142,57,50,7.892999999999999e-06,6.787999999999999e-06
361885:8379,-999,1668043466,353,339,4.9288e-05,4.7082e-05
361886:8379,-999,1668051689,524,516,5.8231000000000005e-05,5.6142e-05
361887:8379,-999,1668063896,403,393,5.847e-05,5.6563e-05
361889:8379,-999,1668073272,19,12,2.781e-06,7.5e-07
361890:8379,-999,1668073703,495,483,7.3345e-05,7.1057e-05
361893:8379,-999,1668085238,586,586,8.863399999999999e-05,8.7756e-05
361906:8381,-999,1668108721,28,4,1.1487e-05,8.05e-07
361909:8381,-999,1668109369,8,5,3.285e-06,1.716e-06
361910:8381,-999,1668109536,69,60,2.8256e-05,2.4088e-05
361912:8381,-999,1668111124,107,100,4.4073e-05,3.9895e-05
361913:8381,-999,1668113612,1554,1527,0.000548235,0.000525166
361915:8381,-999,1668149833,89,81,2.3086999999999998e-05,1.9173e-05
361916:8381,-999,1668151896,73,63,1.5809e-05,0.0
361917:8381,-999,1668153577,294,282,6.1348e-05,5.5014e-05
361919:8381,-999,1668160417,564,551,0.000141275,0.000133842
361921:8381,-999,1668173555,50,44,2.1771999999999998e-05,1.865e-05
361922:8381,-999,1668174720,229,222,9.999299999999999e-05,9.5511e-05
361923:8381,-999,1668180038,78,64,3.4016e-05,2.7232e-05
361925:8381,-999,1668181848,63,56,2.7411999999999998e-05,2.3652e-05
361926:8381,-999,1668183317,11,3,4.7930000000000005e-06,1.25e-07
361927:8381,-999,1668183557,122,102,5.2873e-05,4.3423e-05
361929:8381,-999,1668186380,139,132,6.0083999999999996e-05,5.5483000000000004e-05
361932:8381,-999,1668189600,32,26,1.3826e-05,1.1052e-05
361933:8381,-999,1668190334,128,128,5.5151e-05,5.3861000000000005e-05
361948:8383,-999,1668204431,354,354,0.030382614,0.029500367000000003
361953:8385,-999,1668222415,46,39,0.013936961999999999,0.010095114
361954:8385,-999,1668223479,198,190,0.057111182999999996,0.053258886
361955:8385,-999,1668228078,299,287,0.043029164,0.035668274
361956:8385,-999,1668235026,149,146,0.047256228,0.044382600999999994
361957:8385,-999,1668238493,1171,1171,0.334944594,0.324977848
361971:8387,-999,1668275451,2361,2361,0.8427461140000001,0.8079358059999999
361989:8389,-999,1668348954,122,117,0.047216855999999995,0.042285116
361990:8389,-999,1668351788,219,210,0.094443496,0.084157638
361992:8389,-999,1668356878,15,8,0.006715044,1.2919999999999999e-06
361993:8389,-999,1668357228,15,5,0.006666063000000001,4.0700000000000003e-07
361994:8389,-999,1668357563,128,128,0.050484509000000004,0.047540054000000005
362009:8392,-999,1668414833,38,38,0.0056378109999999995,0.004982393
362058:8395,-999,1668441610,179,173,0.070553117,0.062206924000000004
362059:8395,-999,1668445779,77,67,0.033004648,0.025344263
362060:8395,-999,1668447557,96,89,0.041776377999999996,0.035696028
362061:8395,-999,1668449774,321,314,0.138853323,0.12773337
362062:8395,-999,1668457250,221,214,0.09426416900000001,0.085308205
362063:8395,-999,1668462385,137,110,0.053989181,0.035381349
362064:8395,-999,1668465571,1081,1081,0.326284103,0.3147021
362085:8398,-999,1668510139,168,158,0.073699965,0.058414697
362087:8398,-999,1668514052,155,147,0.068351383,0.06070528
362091:8398,-999,1668517653,1425,1425,0.520175215,0.496253696
362104:8399,-999,1668561423,130,122,0.049258811,0.04175341
362105:8399,-999,1668564438,191,184,0.081779957,0.073508935
362106:8399,-999,1668568870,87,83,0.037309443,0.032470902999999995
362107:8399,-999,1668570897,799,799,0.32991486600000003,0.314175267
362148:8401,-999,1668604687,734,722,0.309143014,0.289290533
362152:8401,-999,1668621793,7,3,0.0031105779999999997,0.000191833
362153:8401,-999,1668621940,152,144,0.066008101,0.057346035
362154:8401,-999,1668625472,791,791,0.277973482,0.266314035
362159:8402,-999,1668651699,31,13,0.0087147,0.002171795
362160:8402,-999,1668652419,9,2,0.003697237,0.000543352
362161:8402,-999,1668652611,131,124,0.055876695,0.049140482
362163:8402,-999,1668655663,71,65,0.030537177000000002,0.026361137000000003
362166:8402,-999,1668657309,344,337,0.14862999300000002,0.137507284
362167:8402,-999,1668665313,653,653,0.268673719,0.257491712
362433:8456,-999,1669030354,18,15,0.00788118,0.003472802
362434:8456,-999,1669030767,10,2,0.0046847,0.0
362435:8456,-999,1669030987,26,11,0.013052471000000001,0.001232271
362437:8456,-999,1669031592,96,93,0.04475757599999999,0.036643018
362438:8456,-999,1669033809,93,89,0.036982111,0.033126943
362439:8456,-999,1669035958,1608,1608,0.648711669,0.604714006
362596:8471,-999,1669237150,45,37,0.01571549,0.009640048
362597:8471,-999,1669238190,141,141,0.059889387999999995,0.057776057
362613:8474,-999,1669271488,24,0,0.006955528000000001,0.0
362614:8474,-999,1669272041,162,153,0.073539719,0.06427833200000001
362615:8474,-999,1669275804,161,153,0.077351839,0.067454748
362616:8474,-999,1669279549,365,358,0.17635408600000002,0.158445146
362617:8474,-999,1669288036,251,244,0.116910705,0.10772152900000001
362618:8474,-999,1669293886,282,282,0.110904041,0.102173001
362643:8479,-999,1669323219,337,337,0.000156423,0.00015424
362653:8484,-999,1669362745,277,268,0.11260575,0.102628157
362654:8484,-999,1669369199,53,26,0.023423588,0.010606216000000002
362655:8484,-999,1669370415,374,356,0.16584959400000002,0.14275584300000002
362656:8484,-999,1669379127,19,11,0.008192749000000001,4.9e-08
362657:8484,-999,1669379555,214,214,0.08388585,0.080582275
362695:8489,-999,1669423271,338,335,0.138160953,0.12890892199999998
362696:8489,-999,1669431131,1731,1724,0.615038298,0.58628561
362697:8489,-999,1669471473,15,6,0.0037263220000000002,1.3100999999999999e-05
362698:8489,-999,1669471814,383,383,0.08528064699999999,0.082220136
362720:8491,-999,1669503495,908,905,0.37668492600000003,0.35594278100000004
362721:8491,-999,1669524657,10,4,0.004294075,2.01e-07
362722:8491,-999,1669524868,9,3,0.003819415,0.0
362723:8491,-999,1669525075,13,7,0.00546674,3e-09
362724:8491,-999,1669525377,7,2,0.00292243,0.0
362725:8491,-999,1669525536,11,3,0.004573642,0.0
362726:8491,-999,1669525777,14,7,0.005804437,2.46e-07
362727:8491,-999,1669526101,17,8,0.006953026,0.001680456
362728:8491,-999,1669526494,393,393,0.15237472800000001,0.144815412
362757:8496,-999,1669587263,74,68,0.02617049,0.019756246
362758:8496,-999,1669588987,224,215,0.095284312,0.086640889
362759:8496,-999,1669594206,16,7,0.006701846,0.0026664490000000004
362760:8496,-999,1669594565,733,733,0.297411087,0.282423201
365753:8540,-999,1680766772,92,88,1.8e-08,1.7e-08
365754:8540,-999,1680768899,63,57,1.2e-08,1.1000000000000001e-08
365755:8540,-999,1680770366,48,44,9e-09,8e-09
365756:8540,-999,1680771476,43,40,8e-09,7e-09
365757:8540,-999,1680772466,48,48,8e-09,8e-09
365763:8541,-999,1680778300,12,0,3e-09,0.0
365765:8541,-999,1680778563,238,236,1.205e-06,1.46e-06
365775:8542,-999,1680793524,306,306,4.8e-08,4.7000000000000004e-08
365833:8550,-999,1680873229,8,0,8e-09,0.0
365834:8550,-999,1680873396,46,38,4.3e-08,3.4e-08
365835:8550,-999,1680874448,42,35,3.6e-08,3e-08
365836:8550,-999,1680875414,43,37,3.5e-08,2.8999999999999998e-08
365837:8550,-999,1680876415,45,38,3.4e-08,2.8e-08
365838:8550,-999,1680877446,43,37,3e-08,2.5e-08
365839:8550,-999,1680878442,45,39,3.1e-08,2.6e-08
365840:8550,-999,1680879476,46,39,2.8999999999999998e-08,2.4e-08
365841:8550,-999,1680880528,52,44,3.1e-08,2.6e-08
365842:8550,-999,1680881723,55,48,3e-08,2.6e-08
365843:8550,-999,1680883001,378,361,1.66e-07,1.4599999999999998e-07
365844:8550,-999,1680891802,752,752,2.07e-07,2.0399999999999997e-07
365874:8558,-999,1681023633,9,0,8e-09,0.0
365876:8558,-999,1681023843,146,146,1.11e-07,1.0900000000000001e-07
365880:8559,-999,1681031410,10,0,8e-09,0.0
365881:8559,-999,1681031634,13,6,1.1000000000000001e-08,0.0
365882:8559,-999,1681031933,635,623,3.1e-07,3e-07
365883:8559,-999,1681046732,14,6,4e-09,0.0
365884:8559,-999,1681047054,51,16,1.5e-08,0.0
365888:8559,-999,1681048225,18,11,5e-09,2e-09
365889:8559,-999,1681048643,159,159,4.2e-08,4.2e-08
366403:8637,-999,1682096283,144,137,2.9846999999999997e-05,2.7333e-05
366406:8637,-999,1682099619,34,28,9.231e-06,7.248e-06
366409:8637,-999,1682100391,35,28,9.509e-06,7.184e-06
366410:8637,-999,1682101188,30,23,8.188999999999999e-06,5.98e-06
366413:8637,-999,1682101868,56,24,1.5098e-05,6.222000000000001e-06
366419:8637,-999,1682103164,31,25,8.659e-06,6.572000000000001e-06
366422:8637,-999,1682103875,30,24,8.285e-06,6.198e-06
366424:8637,-999,1682104558,29,23,8.145e-06,6.192e-06
366426:8637,-999,1682105234,31,24,8.771e-06,6.632e-06
366427:8637,-999,1682105949,29,22,8.054e-06,5.681e-06
366429:8637,-999,1682106607,38,31,1.0752e-05,8.519e-06
366432:8637,-999,1682107481,31,25,8.676e-06,6.643e-06
366433:8637,-999,1682108200,8,2,2.232e-06,0.0
366434:8637,-999,1682108377,5,2,1.385e-06,1e-07
366436:8637,-999,1682108493,45,35,1.2788e-05,9.508e-06
366437:8637,-999,1682109532,26,20,7.272000000000001e-06,5.269e-06
366438:8637,-999,1682110135,33,26,9.25e-06,7.1129999999999995e-06
366439:8637,-999,1682110896,37,31,1.0245e-05,8.203e-06
366440:8637,-999,1682111753,32,26,8.695e-06,6.713e-06
366441:8637,-999,1682112494,31,24,8.6e-06,6.462e-06
366442:8637,-999,1682113214,442,442,0.000121861,0.000120296
366449:8639,-999,1682134522,240,236,0.00020031200000000002,0.00019145099999999998
366450:8639,-999,1682140112,195,190,0.000188753,0.000167867
366451:8639,-999,1682144651,1295,1295,0.000925675,0.000875872
366469:8642,-999,1682195356,1099,1085,0.009311099,0.008055757
366470:8642,-999,1682220969,103,6,0.000893192,6.4e-08
366471:8642,-999,1682223367,157,157,0.001224021,0.000988114
366494:8644,-999,1682250563,140,123,0.001011155,0.000672811
366495:8644,-999,1682253825,386,373,0.004276681,0.003289793
366496:8644,-999,1682262824,60,52,0.000641624,0.00036658
366497:8644,-999,1682264215,358,350,0.003319126,0.002822913
366498:8644,-999,1682272539,128,111,0.001077447,0.000557055
366499:8644,-999,1682275508,489,470,0.0035663709999999996,0.0030708709999999998
366500:8644,-999,1682286900,78,78,0.00044908599999999996,0.000399231
366504:8645,-999,1682296326,1643,1643,0.014504123999999998,0.012891757
366533:8654,-999,1682386930,165,165,0.00126461,0.001005315
366724:8675,-999,1682632224,63,30,0.001910276,0.000575907
366727:8675,-999,1682633679,253,244,0.017194033,0.01542144
366728:8675,-999,1682639563,92,83,0.0036187740000000004,0.002546819
366729:8675,-999,1682641706,426,419,0.028740629,0.027017284
366793:8685,-999,1682754199,75,64,0.00230669,0.001581514
366794:8685,-999,1682755931,143,125,0.007516758,0.006292524
366795:8685,-999,1682759256,106,97,0.007997339000000001,0.006936141999999999
366797:8685,-999,1682761714,76,68,0.005777221999999999,0.005007404
366798:8685,-999,1682763475,136,111,0.009750749,0.007859645
366800:8685,-999,1682766640,101,94,0.003767608,0.0029156409999999996
366801:8685,-999,1682768989,436,429,0.026312858999999997,0.0240977
366802:8685,-999,1682779133,35,22,0.001903572,0.001094793
366804:8685,-999,1682779931,156,156,0.007685549,0.007375855
366820:8686,-999,1682792193,379,374,0.024427065,0.021794336
366821:8686,-999,1682801009,975,975,0.057550795999999994,0.053673741
366829:8690,-999,1682844960,235,216,0.014458894,0.011773898999999999
366832:8690,-999,1682850438,276,258,0.021570756,0.018059363999999998
366833:8690,-999,1682856856,630,630,0.034974632,0.032593142
366838:8691,-999,1682879065,120,114,0.007368459,0.006139881
366839:8691,-999,1682881853,15,8,0.001156863,0.00033346900000000003
366840:8691,-999,1682882187,191,184,0.014991436,0.011906858999999999
366841:8691,-999,1682886641,270,269,0.018357302,0.016438496
366850:8692,-999,1682902933,164,155,0.009618797,0.008656005999999999
366873:8695,-999,1682939989,379,353,0.05698123,0.0484177
366874:8695,-999,1682948811,587,567,0.088418519,0.08229273299999999
366876:8695,-999,1682962493,268,268,0.03179506,0.030986247999999997
366891:8696,-999,1682979320,238,234,0.034720949,0.029364727
366892:8696,-999,1682984865,12,8,0.002221194,2.018e-06
366893:8696,-999,1682985141,26,11,0.004758320999999999,1.05e-06
366895:8696,-999,1682985735,1498,1498,0.196147853,0.18821357
366933:8701,-999,1683075337,1208,1208,0.20388901199999998,0.190697824
367062:8723,-999,1683286694,33,26,0.001530794,0.0005752019999999999
367063:8723,-999,1683287458,21,15,0.001070794,0.000638263
367064:8723,-999,1683287934,490,485,0.036724032000000004,0.031742715
367065:8723,-999,1683299348,271,271,0.018615532,0.016766539
367070:8724,-999,1683320297,379,372,0.063660143,0.051568787000000005
367071:8724,-999,1683329113,41,34,0.008118331999999999,0.0048656770000000005
367072:8724,-999,1683330055,89,75,0.016782618,0.011942501999999999
367079:8725,-999,1683345064,721,721,0.129513643,0.12032991400000001
367094:8728,-999,1683372141,18,0,0.002527305,0.0
367095:8728,-999,1683372542,602,578,0.116447889,0.10971982
367100:8729,-999,1683396538,354,347,0.07101453,0.065288522
367101:8729,-999,1683404785,7,1,0.0015180579999999999,3.2510000000000003e-06
367102:8729,-999,1683404928,86,75,0.018718668,0.015104963999999999
367103:8729,-999,1683406922,76,65,0.016619566000000002,0.012835598
367104:8729,-999,1683408690,1086,1086,0.191073558,0.18317960600000002
367111:8730,-999,1683444217,299,290,0.057857362999999995,0.051722164
367112:8730,-999,1683451176,1446,1446,0.255769976,0.24426255100000002
367127:8731,-999,1683492130,341,334,0.10162112300000001,0.092375477
367128:8731,-999,1683500060,20,15,0.006866115999999999,0.003367549
367129:8731,-999,1683500514,10,6,0.003359917,0.001075579
367130:8731,-999,1683500747,172,167,0.049418138,0.043607955999999996
367131:8731,-999,1683504754,152,149,0.040351688999999996,0.037709424
367132:8731,-999,1683508282,4,1,0.001192987,2.0405e-05
367133:8731,-999,1683508366,360,333,0.09242946099999999,0.079297547
367134:8731,-999,1683516736,113,113,0.012880272,0.012363341000000002
367228:8736,-999,1683582349,258,253,0.064211582,0.057308733
367229:8736,-999,1683588347,50,45,0.016958241000000002,0.013102935
367230:8736,-999,1683589497,10,4,0.0033573390000000004,0.000391684
367231:8736,-999,1683589711,29,22,0.009911663000000001,0.0068592309999999995
367232:8736,-999,1683590369,1000,996,0.322105829,0.307248611
367233:8736,-999,1683613676,14,3,0.003947750999999999,0.0
367234:8736,-999,1683613988,513,513,0.132308076,0.127388076
367260:8738,-999,1683648361,207,202,0.058273745,0.049934117
367261:8738,-999,1683653167,16,10,0.005436496,4.7980000000000005e-06
367262:8738,-999,1683653522,280,272,0.09552199300000001,0.085361312
367263:8738,-999,1683660029,28,21,0.009415959,0.004219759
367264:8738,-999,1683660674,857,857,0.23002341399999998,0.21894125600000003
367267:8739,-999,1683689803,288,280,0.068970093,0.061814311
367268:8739,-999,1683696501,14,5,0.0047398990000000005,5.61e-07
367269:8739,-999,1683696809,40,33,0.013639918999999999,0.009455871999999999
367270:8739,-999,1683697736,977,962,0.29047399100000004,0.271879474
367271:8739,-999,1683720490,143,143,0.031614457,0.030129055
367312:8741,-999,1683746589,237,219,0.05144585,0.042727703
367314:8741,-999,1683752100,43,36,0.01487151,0.008783820999999999
367315:8741,-999,1683753102,909,904,0.255603617,0.244640365
367334:8746,-999,1683798012,311,300,0.095996455,0.08413759800000001
367336:8746,-999,1683805258,177,169,0.068720947,0.06257897400000001
367337:8746,-999,1683809382,1067,1067,0.300365569,0.288801853
367355:8750,-999,1683854988,15,11,0.0014856720000000002,0.001234566
367406:8754,-999,1683902267,488,482,0.185123523,0.16820999
367413:8754,-999,1683913634,1403,1367,0.464232869,0.43020099
367415:8754,-999,1683946322,126,120,0.028895746,0.026675717999999998
367416:8754,-999,1683949255,64,64,0.013494527,0.012700863
367475:8771,-999,1684060366,584,580,0.238808405,0.21693510800000002
367476:8771,-999,1684073979,10,5,0.004324977,6.112e-06
367477:8771,-999,1684074202,1309,1309,0.40442594200000004,0.388537387
367515:8773,-999,1684129064,646,626,0.256694841,0.22990971100000002
367516:8773,-999,1684144124,1244,1244,0.42959012700000004,0.405674675
367552:8775,-999,1684189249,18,13,0.0022563929999999998,0.001257438
367553:8775,-999,1684189658,650,645,0.272987237,0.256332655
367554:8775,-999,1684204793,316,316,0.127776372,0.120971132
367589:8778,-999,1684241165,778,730,0.000385889,0.000341324
367591:8778,-999,1684259281,43,37,3.4212e-05,2.7601e-05
367592:8778,-999,1684260282,22,17,1.7319e-05,1.0853e-05
367593:8778,-999,1684260795,101,101,7.258e-05,7.0257e-05
367615:8782,-999,1684291727,477,472,0.189158044,0.173723861
367616:8782,-999,1684302848,11,7,0.004898731,5.97e-06
367617:8782,-999,1684303087,17,11,0.007481739,2.2681999999999997e-05
367618:8782,-999,1684303473,349,341,0.149728948,0.134385389
367619:8782,-999,1684311587,585,585,0.188356854,0.181402755
367661:8784,-999,1684362260,324,318,0.119108079,0.10858702699999999
367662:8784,-999,1684369793,23,19,0.010273759,0.007576426999999999
367663:8784,-999,1684370327,24,5,0.010578579,0.000554825
367664:8784,-999,1684370879,9,3,0.003949864,2.85e-07
367665:8784,-999,1684371078,280,271,0.125148557,0.11214063
367666:8784,-999,1684377594,107,107,0.038798042000000005,0.034233289
367691:8786,-999,1684413896,178,170,0.05703889,0.044267989
367692:8786,-999,1684418024,14,5,0.00631599,4.46e-07
367693:8786,-999,1684418339,47,35,0.02111409,0.014220885
367694:8786,-999,1684419421,29,24,0.013285385,1.19e-06
367695:8786,-999,1684420091,9,2,0.004075177,6.6684e-05
367696:8786,-999,1684420297,1929,1921,0.667134389,0.631542802
367697:8786,-999,1684465262,36,17,0.007985780999999999,0.0010869739999999999
367699:8786,-999,1684466095,159,159,0.030973532999999998,0.029997586
367730:8794,-999,1684517995,531,531,0.207816878,0.19356051
367742:8796,-999,1684552554,416,416,0.16112051,0.153542815
367758:8804,-999,1684640812,722,722,0.290888604,0.276283381
367770:8807,-999,1684679957,157,153,0.049440679,0.044385654000000004
367771:8807,-999,1684683613,96,91,0.04550357,0.040465834
367772:8807,-999,1684685831,11,11,0.00313935,0.002516417
367789:8811,-999,1684724068,5,0,0.001311302,0.0
367790:8811,-999,1684724172,180,170,0.053494480999999997,0.049859457999999995
367831:8816,-999,1684778273,468,460,0.19378221699999998,0.183564069
367836:8817,-999,1684800348,546,543,0.23481619199999998,0.22132671199999998
367837:8817,-999,1684813073,7,2,0.003278033,8.15e-06
367838:8817,-999,1684813232,803,793,0.34226137700000003,0.322408125
367840:8817,-999,1684831934,617,617,0.183059472,0.17540321399999997
367881:8821,-999,1684885044,150,142,0.054591534000000004,0.047631096
367882:8821,-999,1684888526,14,5,0.0067729669999999995,6.6e-08
367883:8821,-999,1684888840,1059,1050,0.498069063,0.46820797700000005
367884:8821,-999,1684913517,1021,1021,0.32690647,0.314669326
367902:8822,-999,1684949532,242,234,0.095656875,0.08594068699999999
367903:8822,-999,1684955174,5,2,0.00241038,7.817e-06
367904:8822,-999,1684955279,112,103,0.053738318,0.044545044000000006
367905:8822,-999,1684957870,63,49,0.030203705,0.021281962
367906:8822,-999,1684959319,351,344,0.168390975,0.150785571
367907:8822,-999,1684967500,127,120,0.060605957,0.050939528
367908:8822,-999,1684970449,361,358,0.15376071800000002,0.142974156
367909:8822,-999,1684978863,9,2,0.003440185,5.6e-06
367910:8822,-999,1684979056,610,610,0.196846682,0.19007865699999998
368223:8850,-999,1685467691,449,445,0.050671927,0.042993610999999994
368224:8850,-999,1685478143,64,64,0.007413347,0.006794382
368229:8853,-999,1685492072,531,531,0.096962094,0.092105301
368318:8858,-999,1685624829,290,285,0.069107205,0.063725636
368320:8858,-999,1685631571,289,286,0.082081395,0.077854554
368321:8858,-999,1685638289,347,344,0.084062723,0.079976788
368331:8860,-999,1685657034,44,40,0.005733261,0.00432858
368332:8860,-999,1685658052,20,17,0.003489463,0.002403602
368333:8860,-999,1685658504,28,25,0.005565545,0.004088555
368334:8860,-999,1685659153,22,7,0.00471726,0.000859776
368336:8860,-999,1685659645,222,214,0.072290164,0.057624194000000004
368337:8860,-999,1685664816,24,17,0.008430144,7.340000000000001e-07
368338:8860,-999,1685665360,18,9,0.006391288,2.12e-07
368339:8860,-999,1685665759,14,5,0.004932034,6.3456e-05
368340:8860,-999,1685666081,20,16,0.006937475,8.7438e-05
368341:8860,-999,1685666543,39,33,0.013205936000000001,0.010344235
368343:8860,-999,1685667447,1140,1140,0.284037969,0.271448318
368382:8863,-999,1685721732,774,768,0.225534376,0.21203932
368383:8863,-999,1685739775,33,26,0.009178917,0.006490734000000001
368384:8863,-999,1685740541,58,56,0.012018323000000001,0.011346141
368388:8865,-999,1685751683,1440,1436,0.379179375,0.360341285
368389:8865,-999,1685785244,203,203,0.036655955,0.035232606
368400:8866,-999,1685796585,241,241,0.068805278,0.064786219
368410:8870,-999,1685836107,1471,1467,0.445518697,0.42238186899999997
368411:8870,-999,1685870394,14,7,0.003094823,0.001341564
368412:8870,-999,1685870710,104,104,0.020273176,0.019221933
368423:8872,-999,1685888036,476,476,0.20015650699999998,0.19061226
368429:8873,-999,1685906616,37,0,0.006924156999999999,0.0
368437:8873,-999,1685907465,37,6,0.010564358000000001,0.001317158
368440:8873,-999,1685908308,358,352,0.163498944,0.143734249
368442:8873,-999,1685916652,5,3,0.0023960329999999997,5.825e-06
368443:8873,-999,1685916768,170,73,0.078985586,0.033378637999999995
368451:8873,-999,1685920713,154,145,0.06546218,0.056568322000000004
368452:8873,-999,1685924296,12,3,0.004833587,0.00017213
368453:8873,-999,1685924557,11,6,0.004407001,0.000299523
368454:8873,-999,1685924804,1174,1174,0.343823906,0.329785312
368489:8877,-999,1685970343,1033,1033,0.39616595200000004,0.378138689
368542:8880,-999,1686023235,40,30,0.006854468000000001,0.004120428
368546:8880,-999,1686024166,666,659,0.29864342,0.275630545
368547:8880,-999,1686039677,723,702,0.261777583,0.234765841
368548:8880,-999,1686056532,1052,1052,0.248548342,0.239307121
368565:8882,-999,1686090896,8,0,0.001156881,0.0
368566:8882,-999,1686091076,1201,1195,0.503582538,0.473338414
368567:8882,-999,1686119062,442,442,0.13145532599999998,0.125692728
368609:8885,-999,1686184081,1029,1023,0.43095831700000004,0.409059545
368610:8885,-999,1686208064,6,2,0.002125094,5.3039999999999995e-06
368611:8885,-999,1686208182,415,410,0.131544619,0.12499524
368612:8885,-999,1686217855,13,7,0.003671053,0.0017643189999999999
368613:8885,-999,1686218155,268,268,0.070463535,0.067854895
368636:8887,-999,1686259858,772,772,0.324195448,0.309407465
368669:8891,-999,1686316194,377,371,0.166343745,0.155316705
368670:8891,-999,1686324980,315,308,0.146130263,0.113227163
368671:8891,-999,1686332323,4,1,0.0017793829999999998,1.0221000000000001e-05
368672:8891,-999,1686332415,937,933,0.319327876,0.304972978
368673:8891,-999,1686354242,118,11,0.029988131,0.00248357
368674:8891,-999,1686356980,17,11,0.004207179,0.002365346
368675:8891,-999,1686357370,57,50,0.013785882,0.010873043
368676:8891,-999,1686358699,165,156,0.037932881,0.034459004
368678:8891,-999,1686362530,174,174,0.037138291000000004,0.035769614
368684:8894,-999,1686381164,106,97,0.03046575,0.02389932
368685:8894,-999,1686383613,1507,1488,0.574679395,0.550740849
368723:8895,-999,1686441785,154,148,0.048175145999999995,0.041720022999999995
368724:8895,-999,1686445354,1216,1216,0.5124572860000001,0.487173843
368746:8896,-999,1686482772,57,41,0.013964527,0.008289775
368748:8896,-999,1686484079,12,6,0.004140994,3.44e-07
368749:8896,-999,1686484359,178,170,0.079767043,0.070478193
368750:8896,-999,1686488505,6,2,0.002775693,7.4e-08
368751:8896,-999,1686488629,10,3,0.004609908,3.7308e-05
368752:8896,-999,1686488846,8,3,0.0036687490000000002,4.93e-07
368753:8896,-999,1686489011,998,998,0.42053894399999997,0.400431204
368762:8896,-999,1686523057,206,196,0.077587259,0.067530373
368763:8896,-999,1686527838,12,4,0.0055958430000000005,3.9566999999999996e-05
368764:8896,-999,1686528119,15,4,0.006938459,0.000721425
368765:8896,-999,1686528466,1400,1391,0.545509286,0.523313029
368822:8901,-999,1686623254,954,949,0.407740373,0.385637481
368823:8901,-999,1686645481,61,61,0.024113227999999997,0.020641338000000002
369794:8997,-999,1687948257,934,926,0.00020942900000000002,0.000204054
369795:8997,-999,1687970016,76,30,1.392e-05,3.075e-06
369797:8997,-999,1687971787,54,47,3.6539999999999997e-06,3.5869999999999997e-06
369802:8999,-999,1687983468,3717,3717,0.000489015,0.000479893
369867:9007,-999,1688123770,37,25,0.00056858,0.000347865
369869:9007,-999,1688124621,439,430,0.006313076999999999,0.006146036
369870:9007,-999,1688134833,290,278,0.007588269,0.00714361
369872:9007,-999,1688141586,419,412,0.008996322,0.008588076
369873:9007,-999,1688151345,198,198,0.005667936,0.005466896999999999
369901:9014,-999,1688195674,4,4,0.0,0.0
369927:9016,-999,1688214387,350,350,0.0033161859999999996,0.003247845
369937:9017,-999,1688229886,132,125,0.0065744209999999996,0.005911601
369938:9017,-999,1688232964,185,162,0.014272315,0.011627617
369941:9017,-999,1688237261,12,4,0.000920962,1.13e-07
369942:9017,-999,1688237520,103,94,0.008063424,0.00720134
369943:9017,-999,1688239917,392,392,0.030030936,0.02926767
369956:9019,-999,1688268196,1050,1050,0.089243915,0.086787346
369978:9022,-999,1688314864,793,793,0.172197247,0.16544746
369994:9023,-999,1688342340,83,63,0.013933028,0.009190531
369998:9023,-999,1688344261,185,179,0.061404162000000005,0.054522992
369999:9023,-999,1688348558,48,41,0.01885482,0.014570408
370000:9023,-999,1688349676,238,238,0.065387517,0.06325299
370091:9029,-999,1688427001,53,43,0.012982141,0.009577181
370092:9029,-999,1688428217,6,3,0.001456362,9.1226e-05
370093:9029,-999,1688428341,461,450,0.16257650199999998,0.15055224
370094:9029,-999,1688439078,8,3,0.003586106,8.183e-06
370095:9029,-999,1688439259,353,347,0.10242403900000001,0.09627393599999999
370096:9029,-999,1688447470,9,3,0.003695188,0.000783043
370097:9029,-999,1688447668,374,356,0.141034356,0.127556894
370100:9029,-999,1688456376,10,3,0.003369434,6.790000000000001e-07
370101:9029,-999,1688456605,13,5,0.004341317,2.8300000000000003e-07
370102:9029,-999,1688456897,767,765,0.211459,0.203013152
370129:9031,-999,1688489794,681,572,0.290008365,0.227143722
370141:9031,-999,1688505664,12,9,0.005196063,5e-09
370142:9031,-999,1688505942,15,8,0.00643946,7e-09
370143:9031,-999,1688506273,13,4,0.005540359,0.0
370144:9031,-999,1688506565,1337,1335,0.402484,0.387652855
370169:9035,-999,1688555033,1429,1421,0.5693468,0.523893514
370170:9035,-999,1688588332,24,16,0.007140163000000001,0.0
370171:9035,-999,1688588883,102,45,0.029547616000000002,1.963e-06
370172:9035,-999,1688591248,309,309,0.08109683,0.07611419900000001
370175:9036,-999,1688606266,1804,1747,0.727881283,0.677881038
370186:9036,-999,1688648318,12,5,0.00337718,5.7999999999999997e-08
370187:9036,-999,1688648594,9,5,0.00252531,2.3798e-05
370188:9036,-999,1688648789,11,8,0.0030767909999999997,6.6339999999999995e-06
370189:9036,-999,1688649044,5,2,0.001391568,5.3e-08
370190:9036,-999,1688649157,10,3,0.0027471979999999997,8.077e-06
370192:9036,-999,1688649381,30,7,0.008166659,0.000165057
370195:9036,-999,1688650060,15,7,0.0040506529999999995,8.9e-08
370196:9036,-999,1688650395,98,90,0.025883984,0.020603659
370197:9036,-999,1688652678,6,6,0.001528042,0.001382266
370293:9043,-999,1688728145,1590,1582,0.67814137,0.643208577
370294:9043,-999,1688765202,682,682,0.183299076,0.17632493600000002
370299:9044,-999,1688789207,5,0,0.0014694839999999999,0.0
370300:9044,-999,1688789302,1028,993,0.46636537200000006,0.422678603
370302:9044,-999,1688813256,8,3,0.00328536,6.1939999999999995e-06
370304:9044,-999,1688813438,344,328,0.13001606599999999,0.118142842
370307:9044,-999,1688821445,716,716,0.209977385,0.202299535
370321:9045,-999,1688845244,103,20,0.03098971,0.0019204579999999999
370332:9045,-999,1688847638,1979,1979,0.723408912,0.688020689
370340:9046,-999,1688900209,769,769,0.343557217,0.325268543
370354:9049,-999,1688929680,395,388,0.170607124,0.14954014
370355:9049,-999,1688938875,125,92,0.05979813900000001,0.040973912
370357:9049,-999,1688941787,857,857,0.327883296,0.314758248
370406:9050,-999,1688992145,841,834,0.36891608200000003,0.34566623799999996
370436:9050,-999,1689011730,32,32,0.011059095,0.010260135
370460:9055,-999,1689045572,122,118,0.033826873,0.032512771
370471:9056,-999,1689060010,6,0,0.000992328,0.0
370472:9056,-999,1689060138,44,44,0.009670953000000001,0.009409725
370496:9057,-999,1689068273,2,0,0.00034501800000000005,0.0
370497:9057,-999,1689068314,1439,1439,0.593544224,0.565302521
370522:9059,-999,1689119707,335,331,0.136531009,0.130118873
370560:9062,-999,1689165408,354,354,0.14975560599999999,0.14308076
370579:9063,-999,1689183533,99,93,0.03003055,0.024206342999999998
370580:9063,-999,1689185836,2984,2875,0.955321495,0.893128659
370664:9066,-999,1689320422,55,47,0.013468309,0.009767964
370665:9066,-999,1689321697,14,6,0.00407643,0.001577619
370666:9066,-999,1689322012,10,3,0.003084521,1.5129e-05
370667:9066,-999,1689322237,115,115,0.039880362999999995,0.037051452
370717:9067,-999,1689383411,133,133,0.037554603,0.035883563
370725:9068,-999,1689398010,427,427,0.178777028,0.16804718600000002
370749:9070,-999,1689441626,1503,1496,0.64567105,0.6112601529999999
370750:9070,-999,1689476650,9,4,0.00295347,1.698e-06
370751:9070,-999,1689476854,13,8,0.004232757,1.564e-06
370752:9070,-999,1689477146,17,10,0.005507424,3.63e-06
370753:9070,-999,1689477523,251,251,0.07559555,0.072910299
370772:9072,-999,1689494332,1258,1247,0.570117632,0.5366536129999999
370774:9072,-999,1689523654,165,159,0.061470801,0.054596982999999995
370775:9072,-999,1689527501,175,168,0.059308785999999995,0.052914545
370776:9072,-999,1689531572,334,334,0.098758424,0.094655086
370790:9073,-999,1689547823,32,32,0.003996582,0.00318645
